0.135350
0.149528
0.922911
0.903488
0.624839
0.403422
0.939059
0.789407
0.789407
0.918711
0.069837
0.078161
0.658039
0.374350
0.068988
0.212911
0.085994
0.036310
0.022949
0.033372
0.300691
0.486841
0.182331
0.137705
0.797149
0.742821
0.705637
0.594820
0.652141
0.262965
0.365468
0.387240
0.691700
0.241270
0.732210
0.984155
0.461307
0.639741
0.522640
0.675156
0.655416
0.566713
0.503968
0.898342
0.284212
0.287297
0.823778
0.951846
0.172011
0.436674
0.932735
0.787464
0.003279
0.003964
0.144075
0.449413
0.203575
0.520284
0.139004
0.149528
0.081719
0.104686
0.189764
0.677138
0.395518
0.788112
0.034548
0.041451
0.910504
0.957807
0.427283
0.262965
0.068627
0.062393
0.114312
0.179639
0.227710
0.109055
0.014915
0.009050
0.911488
0.943891
0.870501
0.880059
0.979944
0.871638
0.409423
0.863603
0.615191
0.345488
0.097353
0.207750
0.183418
0.122493
0.982030
0.998594
0.786816
0.931434
0.610710
0.622905
0.489670
0.808658
0.611989
0.579122
0.516176
0.688386
0.996976
0.912954
0.818141
0.815623
0.138137
0.445672
0.534516
0.435099
0.637790
0.873339
0.767233
0.707630
0.373408
0.126460
0.519696
0.246043
0.913926
0.512670
0.137274
0.125259
0.505123
0.883917
0.342386
0.609432
0.746131
0.672516
0.667243
0.953644
0.328893
0.253338
0.475630
0.110844
0.294725
0.425215
0.384830
0.793284
0.172269
0.235905
0.178571
0.135563
0.098164
0.299091
0.045418
0.051186
0.531532
0.878391
0.968697
0.864761
0.350406
0.704309
0.515006
0.310428
0.480094
0.531532
0.490804
0.649524
0.280013
0.298294
0.795862
0.663952
0.940286
0.425215
0.675817
0.354015
0.426765
0.418031
0.133448
0.412953
0.673836
0.294330
0.288072
0.455875
0.006442
0.005986
0.692363
0.875593
0.446738
0.110305
0.112111
0.194567
0.513253
0.912467
0.413459
0.750100
0.050351
0.078161
0.773787
0.541113
0.000255
0.000297
0.399950
0.350856
0.470087
0.530937
