0.079384
0.870890
0.526509
0.540517
0.242884
0.000000
0.617116
0.000000
0.580576
0.000000
0.407737
0.932991
0.326981
0.386620
0.000000
0.103524
0.758872
0.000000
0.428638
0.000000
0.920136
0.000000
0.000000
0.956792
0.000000
0.409308
0.000000
0.198265
0.000000
0.000000
0.000000
0.307584
0.000000
0.116395
0.670496
0.979056
0.000000
0.442785
0.641403
0.000000
0.701523
0.498134
0.089890
0.000000
0.012187
0.000000
0.476222
0.569323
0.013366
0.000000
0.000000
0.294094
0.689739
0.110454
0.098363
0.000000
0.214091
0.000000
0.934832
0.185406
0.771939
0.029956
0.000000
0.363034
0.531136
0.876960
0.734602
0.362939
0.590486
0.715059
0.000000
0.762862
0.000000
0.000000
0.000000
0.962007
0.254846
0.126366
0.551995
0.483352
0.000000
0.184392
0.000000
0.749804
0.174971
0.673672
0.702512
0.000000
0.000000
0.000000
0.000000
0.916333
0.000000
0.646598
0.000000
0.000000
0.000000
0.000000
0.757796
0.000000
