0.227995
0.162316
0.935278
0.662291
0.384490
0.000000
0.672116
0.000000
0.475673
0.000000
0.650840
0.176356
0.054889
0.926716
0.000000
0.002646
0.000477
0.000000
0.435216
0.000000
0.797708
0.000000
0.000000
0.275438
0.000000
0.336662
0.000000
0.310905
0.000000
0.000000
0.000000
0.963983
0.000000
0.067892
0.554537
0.439004
0.000000
0.750699
0.745515
0.000000
0.503800
0.881093
0.990928
0.000000
0.613997
0.000000
0.402374
0.035109
0.613943
0.000000
0.000000
0.069709
0.042944
0.994547
0.748299
0.000000
0.009831
0.000000
0.481043
0.138359
0.335475
0.183538
0.000000
0.827034
0.944640
0.119262
0.739889
0.163507
0.400971
0.532872
0.000000
0.000416
0.000000
0.000000
0.000000
0.312405
0.882198
0.585709
0.226793
0.324635
0.000000
0.018812
0.000000
0.320615
0.827416
0.919026
0.310890
0.000000
0.000000
0.000000
0.000000
0.848449
0.000000
0.847755
0.000000
0.000000
0.000000
0.000000
0.407159
0.000000
