0.185594
0.320810
0.424795
0.654347
0.432365
0.850738
0.343449
0.989646
0.370540
0.153422
0.281413
0.299169
0.984469
0.512227
0.994823
0.697031
0.830444
0.640358
0.886484
0.459464
0.217619
0.617327
0.682688
0.491567
0.508059
0.045655
0.855828
0.346764
0.164950
0.659038
0.608217
0.599168
0.293169
0.267174
0.716324
0.541893
0.701837
0.948263
0.224971
0.901879
0.296159
0.175045
0.360229
0.567986
0.563596
0.443864
0.692238
0.278525
0.594666
0.079775
0.278525
0.765331
0.370540
0.770288
0.932774
0.161037
0.958600
0.026918
0.363646
0.795208
0.599168
0.305250
0.795208
0.240202
0.590180
0.147893
0.062561
0.917311
0.443864
0.907019
0.487489
0.937934
0.432365
0.503909
0.205754
0.932774
0.896743
0.855828
0.677932
0.810262
0.599168
0.617327
0.122504
0.057271
0.232498
0.073305
0.330390
0.161037
0.133893
0.035519
0.503909
0.631103
0.140759
0.250751
0.224971
0.133893
0.409891
0.550524
0.267174
0.668459
