0.892358
0.381065
0.604957
0.120698
0.799159
0.000000
0.243207
0.000000
0.486905
0.000000
0.641873
0.747152
0.581790
0.531638
0.000000
0.743576
0.083217
0.000000
0.431230
0.000000
0.783975
0.000000
0.000000
0.354498
0.000000
0.792663
0.000000
0.709593
0.000000
0.000000
0.000000
0.904483
0.000000
0.232330
0.608359
0.369845
0.000000
0.026544
0.661550
0.000000
0.619408
0.961256
0.603621
0.000000
0.064571
0.000000
0.085380
0.579094
0.985937
0.000000
0.000000
0.240635
0.200438
0.281345
0.691452
0.000000
0.184626
0.000000
0.294989
0.108192
0.347080
0.822654
0.000000
0.202365
0.788528
0.554041
0.182715
0.193468
0.948893
0.027692
0.000000
0.814673
0.000000
0.000000
0.000000
0.082094
0.469034
0.344164
0.476737
0.765461
0.000000
0.334083
0.000000
0.987674
0.067409
0.278651
0.084826
0.000000
0.000000
0.000000
0.000000
0.661506
0.000000
0.833654
0.000000
0.000000
0.000000
0.000000
0.920255
0.000000
