0.155014
0.301966
0.704758
0.252693
0.716578
0.000000
0.279346
0.000000
0.086310
0.000000
0.705488
0.538178
0.081294
0.680284
0.000000
0.496101
0.368445
0.000000
0.162454
0.000000
0.325753
0.000000
0.000000
0.565200
0.000000
0.995727
0.000000
0.067198
0.000000
0.000000
0.000000
0.065127
0.000000
0.541477
0.239045
0.934879
0.000000
0.511910
0.930871
0.000000
0.692491
0.822345
0.021000
0.000000
0.533138
0.000000
0.411348
0.487627
0.474744
0.000000
0.000000
0.720419
0.206185
0.241308
0.053492
0.000000
0.913553
0.000000
0.958815
0.970300
0.562663
0.034500
0.000000
0.627555
0.963205
0.864140
0.867307
0.845442
0.438583
0.895336
0.000000
0.344281
0.000000
0.000000
0.000000
0.705793
0.084372
0.314271
0.365511
0.108165
0.000000
0.591272
0.000000
0.310296
0.895296
0.167562
0.632935
0.000000
0.000000
0.000000
0.000000
0.480340
0.000000
0.516643
0.000000
0.000000
0.000000
0.000000
0.735531
0.000000
