0.048927
0.398069
0.685194
0.546758
0.534270
0.000000
0.406827
0.000000
0.905660
0.000000
0.291011
0.892442
0.125402
0.524551
0.000000
0.272519
0.535569
0.000000
0.033228
0.000000
0.725427
0.000000
0.000000
0.793881
0.000000
0.912841
0.000000
0.278174
0.000000
0.000000
0.000000
0.932085
0.000000
0.040481
0.990185
0.660797
0.000000
0.389972
0.323261
0.000000
0.768034
0.893824
0.364332
0.000000
0.368858
0.000000
0.875029
0.979604
0.129635
0.000000
0.000000
0.049102
0.705823
0.340155
0.015723
0.000000
0.424339
0.000000
0.469982
0.068948
0.267824
0.666248
0.000000
0.912962
0.082272
0.917981
0.854728
0.693529
0.201951
0.586597
0.000000
0.414020
0.000000
0.000000
0.000000
0.727839
0.660284
0.701502
0.690586
0.518820
0.000000
0.324789
0.000000
0.942240
0.216849
0.942864
0.210416
0.000000
0.000000
0.000000
0.000000
0.856771
0.000000
0.382979
0.000000
0.000000
0.000000
0.000000
0.809797
0.000000
