0.513073
0.155014
0.079384
0.048927
0.042355
0.227995
0.501728
0.892358
0.408414
0.301966
0.870890
0.398069
0.264734
0.162316
0.461350
0.381065
0.038397
0.704758
0.526509
0.685194
0.886555
0.935278
0.889035
0.604957
0.073583
0.252693
0.540517
0.546758
0.853445
0.662291
0.287954
0.120698
0.396771
0.716578
0.242884
0.534270
0.434490
0.384490
0.940609
0.799159
0.000000
0.000000
0.000000
0.000000
0.000000
0.000000
0.000000
0.000000
0.204486
0.279346
0.617116
0.406827
0.352486
0.672116
0.558784
0.243207
0.000000
0.000000
0.000000
0.000000
0.000000
0.000000
0.000000
0.000000
0.419884
0.086310
0.580576
0.905660
0.776833
0.475673
0.133142
0.486905
0.000000
0.000000
0.000000
0.000000
0.000000
0.000000
0.000000
0.000000
0.852146
0.705488
0.407737
0.291011
0.927478
0.650840
0.477757
0.641873
0.291751
0.538178
0.932991
0.892442
0.561243
0.176356
0.514238
0.747152
0.169965
0.081294
0.326981
0.125402
0.129818
0.054889
0.144052
0.581790
0.286631
0.680284
0.386620
0.524551
0.611802
0.926716
0.440088
0.531638
0.000000
0.000000
0.000000
0.000000
0.000000
0.000000
0.000000
0.000000
0.481985
0.496101
0.103524
0.272519
0.011597
0.002646
0.375130
0.743576
0.667907
0.368445
0.758872
0.535569
0.220223
0.000477
0.199777
0.083217
0.000000
0.000000
0.000000
0.000000
0.000000
0.000000
0.000000
0.000000
0.482127
0.162454
0.428638
0.033228
0.689587
0.435216
0.782894
0.431230
0.000000
0.000000
0.000000
0.000000
0.000000
0.000000
0.000000
0.000000
0.453393
0.325753
0.920136
0.725427
0.984397
0.797708
0.889542
0.783975
0.000000
0.000000
0.000000
0.000000
0.000000
0.000000
0.000000
0.000000
0.000000
0.000000
0.000000
0.000000
0.000000
0.000000
0.000000
0.000000
0.525847
0.565200
0.956792
0.793881
0.966446
0.275438
0.732718
0.354498
0.000000
0.000000
0.000000
0.000000
0.000000
0.000000
0.000000
0.000000
0.289495
0.995727
0.409308
0.912841
0.975278
0.336662
0.670709
0.792663
0.000000
0.000000
0.000000
0.000000
0.000000
0.000000
0.000000
0.000000
0.048294
0.067198
0.198265
0.278174
0.225056
0.310905
0.200969
0.709593
0.000000
0.000000
0.000000
0.000000
0.000000
0.000000
0.000000
0.000000
0.000000
0.000000
0.000000
0.000000
0.000000
0.000000
0.000000
0.000000
0.000000
0.000000
0.000000
0.000000
0.000000
0.000000
0.000000
0.000000
0.406363
0.065127
0.307584
0.932085
0.624432
0.963983
0.425137
0.904483
0.000000
0.000000
0.000000
0.000000
0.000000
0.000000
0.000000
0.000000
0.779243
0.541477
0.116395
0.040481
0.389778
0.067892
0.690316
0.232330
0.106011
0.239045
0.670496
0.990185
0.596094
0.554537
0.577171
0.608359
0.353676
0.934879
0.979056
0.660797
0.733503
0.439004
0.801134
0.369845
0.000000
0.000000
0.000000
0.000000
0.000000
0.000000
0.000000
0.000000
0.087682
0.511910
0.442785
0.389972
0.100097
0.750699
0.239315
0.026544
0.414542
0.930871
0.641403
0.323261
0.434077
0.745515
0.370154
0.661550
0.000000
0.000000
0.000000
0.000000
0.000000
0.000000
0.000000
0.000000
0.860193
0.692491
0.701523
0.768034
0.588710
0.503800
0.303124
0.619408
0.584020
0.822345
0.498134
0.893824
0.407387
0.881093
0.906500
0.961256
0.548462
0.021000
0.089890
0.364332
0.631790
0.990928
0.680647
0.603621
0.000000
0.000000
0.000000
0.000000
0.000000
0.000000
0.000000
0.000000
0.210450
0.533138
0.012187
0.368858
0.248316
0.613997
0.389891
0.064571
0.000000
0.000000
0.000000
0.000000
0.000000
0.000000
0.000000
0.000000
0.582757
0.411348
0.476222
0.875029
0.761969
0.402374
0.451314
0.085380
0.011601
0.487627
0.569323
0.979604
0.639066
0.035109
0.366741
0.579094
0.645981
0.474744
0.013366
0.129635
0.394312
0.613943
0.881054
0.985937
0.000000
0.000000
0.000000
0.000000
0.000000
0.000000
0.000000
0.000000
0.000000
0.000000
0.000000
0.000000
0.000000
0.000000
0.000000
0.000000
0.456439
0.720419
0.294094
0.049102
0.040116
0.069709
0.646482
0.240635
0.807389
0.206185
0.689739
0.705823
0.089919
0.042944
0.113299
0.200438
0.305013
0.241308
0.110454
0.340155
0.608177
0.994547
0.822951
0.281345
0.087180
0.053492
0.098363
0.015723
0.032368
0.748299
0.977383
0.691452
0.000000
0.000000
0.000000
0.000000
0.000000
0.000000
0.000000
0.000000
0.806919
0.913553
0.214091
0.424339
0.029759
0.009831
0.018862
0.184626
0.000000
0.000000
0.000000
0.000000
0.000000
0.000000
0.000000
0.000000
0.361223
0.958815
0.934832
0.469982
0.476002
0.481043
0.637275
0.294989
0.076409
0.970300
0.185406
0.068948
0.006042
0.138359
0.063035
0.108192
0.760612
0.562663
0.771939
0.267824
0.184049
0.335475
0.379776
0.347080
0.019838
0.034500
0.029956
0.666248
0.020482
0.183538
0.687807
0.822654
0.000000
0.000000
0.000000
0.000000
0.000000
0.000000
0.000000
0.000000
0.383323
0.627555
0.363034
0.912962
0.978326
0.827034
0.198679
0.202365
0.776567
0.963205
0.531136
0.082272
0.770422
0.944640
0.646644
0.788528
0.819577
0.864140
0.876960
0.917981
0.178632
0.119262
0.487091
0.554041
0.977254
0.867307
0.734602
0.854728
0.728852
0.739889
0.251688
0.182715
0.665749
0.845442
0.362939
0.693529
0.242555
0.163507
0.667942
0.193468
0.241286
0.438583
0.590486
0.201951
0.624123
0.400971
0.443845
0.948893
0.824877
0.895336
0.715059
0.586597
0.502045
0.532872
0.868336
0.027692
0.000000
0.000000
0.000000
0.000000
0.000000
0.000000
0.000000
0.000000
0.278368
0.344281
0.762862
0.414020
0.132735
0.000416
0.508222
0.814673
0.000000
0.000000
0.000000
0.000000
0.000000
0.000000
0.000000
0.000000
0.000000
0.000000
0.000000
0.000000
0.000000
0.000000
0.000000
0.000000
0.000000
0.000000
0.000000
0.000000
0.000000
0.000000
0.000000
0.000000
0.739303
0.705793
0.962007
0.727839
0.636068
0.312405
0.264470
0.082094
0.614380
0.084372
0.254846
0.660284
0.152608
0.882198
0.944769
0.469034
0.638292
0.314271
0.126366
0.701502
0.975468
0.585709
0.107555
0.344164
0.804646
0.365511
0.551995
0.690586
0.767021
0.226793
0.735070
0.476737
0.612785
0.108165
0.483352
0.518820
0.063919
0.324635
0.208263
0.765461
0.000000
0.000000
0.000000
0.000000
0.000000
0.000000
0.000000
0.000000
0.666549
0.591272
0.184392
0.324789
0.636047
0.018812
0.379787
0.334083
0.000000
0.000000
0.000000
0.000000
0.000000
0.000000
0.000000
0.000000
0.901347
0.310296
0.749804
0.942240
0.350013
0.320615
0.786227
0.987674
0.298655
0.895296
0.174971
0.216849
0.906938
0.827416
0.143736
0.067409
0.041506
0.167562
0.673672
0.942864
0.298211
0.919026
0.791267
0.278651
0.672433
0.632935
0.702512
0.210416
0.252128
0.310890
0.104230
0.084826
0.000000
0.000000
0.000000
0.000000
0.000000
0.000000
0.000000
0.000000
0.000000
0.000000
0.000000
0.000000
0.000000
0.000000
0.000000
0.000000
0.000000
0.000000
0.000000
0.000000
0.000000
0.000000
0.000000
0.000000
0.000000
0.000000
0.000000
0.000000
0.000000
0.000000
0.000000
0.000000
0.519326
0.480340
0.916333
0.856771
0.635762
0.848449
0.398944
0.661506
0.000000
0.000000
0.000000
0.000000
0.000000
0.000000
0.000000
0.000000
0.401109
0.516643
0.646598
0.382979
0.426458
0.847755
0.230806
0.833654
0.000000
0.000000
0.000000
0.000000
0.000000
0.000000
0.000000
0.000000
0.000000
0.000000
0.000000
0.000000
0.000000
0.000000
0.000000
0.000000
0.000000
0.000000
0.000000
0.000000
0.000000
0.000000
0.000000
0.000000
0.000000
0.000000
0.000000
0.000000
0.000000
0.000000
0.000000
0.000000
0.443507
0.735531
0.757796
0.809797
0.032225
0.407159
0.790765
0.920255
0.000000
0.000000
0.000000
0.000000
0.000000
0.000000
0.000000
0.000000
