0.240646
0.965157
0.073704
0.338125
0.471517
0.468170
0.538421
0.165675
0.001628
0.288451
0.253239
0.923146
0.730212
0.811736
0.044399
0.580226
0.687464
0.491888
0.256014
0.252203
0.994451
0.778113
0.077090
0.522211
0.517738
0.816371
0.737406
0.731892
0.473749
0.986099
0.172107
0.390571
0.463352
0.790896
0.841668
0.399825
0.731533
0.621590
0.347812
0.069784
0.613041
0.710025
0.205372
0.126030
0.303087
0.566578
0.895455
0.532843
0.593747
0.466983
0.611825
0.980121
0.155681
0.687271
0.725170
0.002330
0.148869
0.880417
0.579447
0.795912
0.600836
0.601186
0.205244
0.766936
0.901960
0.630869
0.642787
0.822646
0.779303
0.011960
0.010892
0.850747
0.266263
0.394112
0.971194
0.739004
0.238381
0.360132
0.596242
0.471373
0.575509
0.338521
0.638171
0.007615
0.307162
0.316604
0.251370
0.083086
0.758929
0.058234
0.113853
0.228378
0.387731
0.329558
0.638171
0.088547
0.494956
0.129028
0.773098
0.468602
