0.169732
0.704681
0.417970
0.673410
0.207735
0.332993
0.230657
0.785044
0.039856
0.118885
0.698967
0.651423
0.814911
0.461820
0.615469
0.321456
0.235823
0.789776
0.765106
0.340030
0.809222
0.292881
0.150532
0.742190
0.778189
0.442527
0.163882
0.437487
0.666056
0.326861
0.219209
0.459960
0.429882
0.275276
0.087461
0.301955
0.868523
0.709827
0.598139
0.256135
0.386202
0.435821
0.686598
0.371917
0.876899
0.131542
0.570815
0.306864
0.221609
0.789916
0.799061
0.093863
0.511824
0.378697
0.449465
0.022610
0.829665
0.782622
0.383857
0.180966
0.753801
0.445928
0.839246
0.559051
0.010320
0.528425
0.079213
0.726795
0.321396
0.422683
0.929508
0.904345
0.711541
0.915347
0.867984
0.975354
0.110635
0.489094
0.728369
0.225589
0.223512
0.135922
0.308004
0.784130
0.377733
0.196917
0.126501
0.731455
0.504438
0.503257
0.797838
0.547248
0.152615
0.566129
0.727639
0.820195
0.024017
0.629546
0.083607
0.907850
