0.529648
0.852424
0.530594
0.055895
0.814616
0.000000
0.725349
0.000000
0.847670
0.000000
0.475149
0.237813
0.124294
0.978099
0.000000
0.564603
0.277304
0.000000
0.249163
0.000000
0.688650
0.000000
0.000000
0.812767
0.000000
0.541849
0.000000
0.066721
0.000000
0.000000
0.000000
0.065802
0.000000
0.562343
0.041743
0.278761
0.000000
0.686183
0.666272
0.000000
0.641489
0.125559
0.005835
0.000000
0.711819
0.000000
0.640062
0.284351
0.266096
0.000000
0.000000
0.577789
0.339098
0.614796
0.120996
0.000000
0.750097
0.000000
0.814304
0.429407
0.063565
0.032194
0.000000
0.768655
0.464523
0.275177
0.992025
0.373199
0.248293
0.867972
0.000000
0.242994
0.000000
0.000000
0.000000
0.046051
0.512719
0.371773
0.782488
0.376737
0.000000
0.737340
0.000000
0.858493
0.163156
0.702822
0.159668
0.000000
0.000000
0.000000
0.000000
0.802646
0.000000
0.114448
0.000000
0.000000
0.000000
0.000000
0.012992
0.000000
