0.720622
0.799845
0.434737
0.010225
0.960418
0.000000
0.985459
0.000000
0.949346
0.000000
0.746554
0.193566
0.259722
0.840106
0.000000
0.786442
0.225157
0.000000
0.287010
0.000000
0.442889
0.000000
0.000000
0.615341
0.000000
0.571390
0.000000
0.069309
0.000000
0.000000
0.000000
0.075151
0.000000
0.726363
0.072550
0.280087
0.000000
0.938588
0.940356
0.000000
0.418723
0.194656
0.014332
0.000000
0.792754
0.000000
0.508131
0.174803
0.354938
0.000000
0.000000
0.957904
0.179309
0.539077
0.124674
0.000000
0.848830
0.000000
0.584996
0.188053
0.218850
0.151404
0.000000
0.845744
0.523304
0.345064
0.887841
0.231300
0.174036
0.544954
0.000000
0.585255
0.000000
0.000000
0.000000
0.053569
0.373666
0.249634
0.933471
0.124757
0.000000
0.569899
0.000000
0.724391
0.041530
0.861502
0.199628
0.000000
0.000000
0.000000
0.000000
0.972527
0.000000
0.241540
0.000000
0.000000
0.000000
0.000000
0.006175
0.000000
