0.233258
0.251912
0.460350
0.513083
0.158189
0.039940
0.319037
0.047718
0.646933
0.876205
0.697221
0.389881
0.897995
0.109301
0.505213
0.674758
0.695675
0.044183
0.795304
0.634664
0.245764
0.690823
0.744437
0.334194
0.091013
0.126068
0.716132
0.275525
0.087502
0.784280
0.336803
0.244154
0.141682
0.019353
0.735252
0.954487
0.972691
0.164709
0.503146
0.828966
0.640893
0.941041
0.827380
0.052509
0.423592
0.274850
0.750958
0.071972
0.606695
0.434308
0.613319
0.831981
0.843172
0.291717
0.402649
0.126999
0.472407
0.181049
0.803876
0.947780
0.138809
0.649761
0.067100
0.539728
0.039993
0.786054
0.861473
0.542193
0.297171
0.867057
0.091585
0.643521
0.700911
0.736763
0.732293
0.756901
0.615275
0.235748
0.512368
0.176027
0.932570
0.599657
0.946881
0.966214
0.853638
0.585701
0.705205
0.623393
0.435937
0.918201
0.770555
0.052446
0.408658
0.143890
0.294503
0.929144
0.003460
0.336953
0.458654
0.975489
