0.904651
0.794698
0.619657
0.441751
0.763228
0.237588
0.347584
0.286778
0.849778
0.647974
0.560708
0.265329
0.799078
0.465546
0.631784
0.368920
0.534139
0.667320
0.637711
0.166382
0.405087
0.750591
0.007332
0.810058
0.630754
0.630668
0.728381
0.875453
0.831568
0.653505
0.651722
0.818343
0.416034
0.033011
0.498201
0.182472
0.693260
0.899848
0.986102
0.561509
0.944888
0.095728
0.910010
0.532973
0.126897
0.792707
0.442670
0.141730
0.171462
0.013800
0.521815
0.810008
0.782426
0.386010
0.368481
0.688805
0.754717
0.246685
0.762263
0.832948
0.579757
0.117423
0.714576
0.769818
0.515290
0.185604
0.158096
0.571321
0.545292
0.959863
0.352910
0.393012
0.203908
0.779852
0.528737
0.492013
0.939065
0.519795
0.030432
0.310964
0.306986
0.137042
0.333376
0.376138
0.909518
0.081294
0.732774
0.579620
0.322632
0.147696
0.372938
0.983870
0.535839
0.996731
0.656645
0.735307
0.541269
0.973924
0.778959
0.976945
