0.682429
0.886518
0.285794
0.008325
0.478399
0.000000
0.213685
0.000000
0.967206
0.000000
0.719936
0.547859
0.181241
0.619258
0.000000
0.621921
0.942533
0.000000
0.256146
0.000000
0.207632
0.000000
0.000000
0.682774
0.000000
0.892436
0.000000
0.154063
0.000000
0.000000
0.000000
0.232773
0.000000
0.709354
0.211189
0.650970
0.000000
0.760749
0.855913
0.000000
0.658820
0.289542
0.015525
0.000000
0.587714
0.000000
0.477576
0.226048
0.257907
0.000000
0.000000
0.812531
0.527827
0.199640
0.179775
0.000000
0.320552
0.000000
0.371804
0.083361
0.318119
0.384202
0.000000
0.627229
0.476556
0.571014
0.644036
0.231607
0.153228
0.628388
0.000000
0.850499
0.000000
0.000000
0.000000
0.028748
0.449671
0.417235
0.685350
0.413207
0.000000
0.525637
0.000000
0.818134
0.068182
0.847883
0.562226
0.000000
0.000000
0.000000
0.000000
0.800912
0.000000
0.422061
0.000000
0.000000
0.000000
0.000000
0.105524
0.000000
