0.622858
0.944166
0.500852
0.140194
0.876534
0.000000
0.340269
0.000000
0.798184
0.000000
0.410661
0.462259
0.080623
0.442043
0.000000
0.733271
0.456101
0.000000
0.086503
0.000000
0.849591
0.000000
0.000000
0.867655
0.000000
0.729452
0.000000
0.132128
0.000000
0.000000
0.000000
0.109369
0.000000
0.352542
0.069804
0.465697
0.000000
0.605276
0.920039
0.000000
0.734586
0.147056
0.016234
0.000000
0.788778
0.000000
0.425009
0.484469
0.268505
0.000000
0.000000
0.501099
0.251277
0.705826
0.164373
0.000000
0.914252
0.000000
0.939583
0.594433
0.026301
0.007830
0.000000
0.581606
0.622771
0.354587
0.859199
0.885143
0.205548
0.789865
0.000000
0.094613
0.000000
0.000000
0.000000
0.203730
0.888919
0.620499
0.537902
0.961500
0.000000
0.958358
0.000000
0.754097
0.436307
0.744409
0.310464
0.000000
0.000000
0.000000
0.000000
0.970514
0.000000
0.091058
0.000000
0.000000
0.000000
0.000000
0.027501
0.000000
