0.107226
0.977435
0.785984
0.717323
0.874148
0.039621
0.554426
0.118122
0.049654
0.016978
0.378288
0.098287
0.875262
0.904318
0.593924
0.248501
0.375996
0.719438
0.834211
0.360194
0.450984
0.489220
0.155234
0.762163
0.626620
0.797972
0.002521
0.558222
0.271220
0.092118
0.055512
0.367666
0.646805
0.025084
0.727918
0.440857
0.050816
0.158966
0.242750
0.007746
0.625618
0.877492
0.692120
0.599810
0.393002
0.125274
0.127732
0.893126
0.856352
0.537500
0.722614
0.970669
0.459522
0.820988
0.682754
0.548755
0.685871
0.596864
0.667253
0.590991
0.344093
0.647821
0.094324
0.668282
0.728980
0.923388
0.683792
0.235974
0.243893
0.362425
0.614641
0.878607
0.097141
0.256118
0.027471
0.597845
0.739632
0.599810
0.329160
0.347711
0.398510
0.270604
0.887537
0.541239
0.396144
0.256118
0.286920
0.434179
0.262689
0.003311
0.838630
0.235415
0.118455
0.649856
0.406458
0.048515
0.799064
0.000162
0.333383
0.287560
