0.488955
0.955208
0.315421
0.849964
0.259714
0.852016
0.494511
0.698078
0.720026
0.510118
0.653699
0.396962
0.767146
0.548716
0.866927
0.510657
0.884210
0.006145
0.632761
0.010557
0.813471
0.511400
0.627820
0.425081
0.145944
0.019233
0.916530
0.110118
0.769806
0.260800
0.036939
0.834690
0.078425
0.957431
0.153581
0.705818
0.925504
0.374821
0.058606
0.489781
0.874909
0.549119
0.558228
0.998510
0.269166
0.871118
0.305878
0.403128
0.570094
0.887698
0.501137
0.660860
0.812306
0.356734
0.853140
0.626946
0.184125
0.274384
0.767259
0.676673
0.654989
0.105804
0.070282
0.033775
0.837659
0.296054
0.978101
0.766803
0.788800
0.270315
0.040702
0.997461
0.459644
0.058010
0.540440
0.782737
0.686149
0.014989
0.400072
0.729536
0.017779
0.631175
0.099797
0.284844
0.229018
0.744825
0.820479
0.949141
0.430730
0.424838
0.662868
0.615322
0.832546
0.270546
0.615832
0.114460
0.418117
0.682400
0.564627
0.830971
