0.821154
0.702182
0.983833
0.817914
0.493268
0.319365
0.687904
0.328929
0.278108
0.171437
0.255535
0.881842
0.933078
0.331184
0.147421
0.289099
0.013314
0.088875
0.184438
0.025950
0.767749
0.562784
0.269040
0.282522
0.347317
0.974695
0.070928
0.314161
0.875203
0.190370
0.618797
0.272216
0.173443
0.298675
0.039756
0.589252
0.775463
0.329886
0.026063
0.892825
0.855842
0.858582
0.387177
0.129893
0.989735
0.392774
0.895301
0.549321
0.333290
0.344808
0.910605
0.993225
0.394314
0.586905
0.427830
0.132143
0.980356
0.350065
0.224177
0.532762
0.724088
0.574954
0.837277
0.793043
0.093710
0.008116
0.708293
0.673064
0.695291
0.375337
0.340005
0.419296
0.975044
0.329859
0.798138
0.124461
0.985191
0.274270
0.850548
0.773607
0.789858
0.357717
0.851483
0.978003
0.557866
0.373134
0.259696
0.680886
0.397995
0.557179
0.545474
0.977928
0.026961
0.202639
0.360265
0.961209
0.667957
0.228466
0.927909
0.250605
