0.214707
0.564177
0.740073
0.383473
0.483203
0.797490
0.193120
0.794074
0.885727
0.870448
0.883328
0.354677
0.664083
0.949220
0.133343
0.908806
0.846147
0.141810
0.090695
0.142978
0.251957
0.327610
0.479272
0.571390
0.216968
0.186449
0.319519
0.061659
0.696872
0.774893
0.820167
0.928423
0.536200
0.780525
0.768519
0.546077
0.083939
0.324644
0.136784
0.935670
0.042663
0.029266
0.393445
0.899537
0.941680
0.083891
0.162225
0.652950
0.217821
0.263366
0.889285
0.582137
0.078370
0.565070
0.508242
0.147051
0.236216
0.224263
0.796153
0.573000
0.227077
0.479381
0.131311
0.334224
0.513126
0.841511
0.570887
0.008352
0.966617
0.904820
0.866770
0.683943
0.052316
0.344971
0.270768
0.286934
0.903807
0.926868
0.310634
0.238046
0.598702
0.447854
0.420681
0.136866
0.185441
0.568209
0.656435
0.672228
0.047421
0.780504
0.226913
0.830538
0.818031
0.247402
0.408482
0.562211
0.831822
0.481570
0.532327
0.148954
