0.396876
0.529787
0.584047
0.708213
0.741272
0.364429
0.378377
0.804965
0.431865
0.349368
0.785130
0.288841
0.694541
0.103537
0.885160
0.948981
0.065539
0.584128
0.322168
0.489306
0.202820
0.317908
0.318631
0.820121
0.615773
0.210597
0.977801
0.410366
0.537335
0.657399
0.279687
0.003914
0.390057
0.414546
0.578159
0.683411
0.736637
0.539237
0.467033
0.731813
0.902096
0.506817
0.340951
0.719881
0.597025
0.850858
0.133226
0.545517
0.822663
0.963273
0.768043
0.503441
0.865449
0.076582
0.878349
0.797268
0.249418
0.126171
0.267169
0.135429
0.840372
0.559813
0.290813
0.970137
0.833236
0.250667
0.283088
0.914438
0.195961
0.687425
0.290927
0.083660
0.004361
0.985130
0.120799
0.734994
0.945063
0.641671
0.957037
0.533539
0.017400
0.501520
0.847650
0.974029
0.181880
0.176999
0.248276
0.610328
0.598003
0.054552
0.581529
0.738270
0.486593
0.678085
0.600086
0.831581
0.018838
0.663105
0.499054
0.787979
