0.480260
0.734266
0.992930
0.609213
0.708842
0.242103
0.387013
0.161040
0.717318
0.546365
0.964927
0.115147
0.238641
0.922431
0.937076
0.082988
0.088284
0.203299
0.892312
0.458891
0.693245
0.719975
0.237294
0.693797
0.953019
0.825990
0.374033
0.273260
0.607221
0.172606
0.584772
0.417066
0.424704
0.823342
0.308094
0.296897
0.977570
0.532349
0.233527
0.529467
0.473485
0.546458
0.032213
0.799781
0.026847
0.295595
0.227577
0.680155
0.406018
0.315358
0.989067
0.139820
0.571965
0.886395
0.446723
0.371222
0.915158
0.655338
0.215964
0.008382
0.640367
0.482799
0.773816
0.120085
0.894226
0.642116
0.669060
0.336868
0.641686
0.936277
0.194423
0.565128
0.995839
0.525783
0.982416
0.446013
0.370022
0.360560
0.197368
0.887461
0.488282
0.806977
0.268439
0.504611
0.053854
0.545036
0.261618
0.956858
0.039031
0.974291
0.838805
0.098124
0.117481
0.210527
0.704455
0.603563
0.319104
0.787035
0.829442
0.296321
