0.597782
0.209048
0.501360
0.125050
0.308935
0.355782
0.637912
0.286259
0.679061
0.583432
0.641568
0.258650
0.093763
0.918327
0.627479
0.193576
0.382241
0.536250
0.470632
0.980008
0.198721
0.879865
0.800863
0.128294
0.761234
0.119136
0.597164
0.763270
0.273698
0.272060
0.599946
0.189855
0.706170
0.225437
0.365006
0.506775
0.097964
0.958680
0.547803
0.008138
0.725103
0.204544
0.736176
0.549357
0.870505
0.934584
0.389280
0.695078
0.803676
0.456374
0.650251
0.098211
0.751908
0.336912
0.008583
0.887212
0.674721
0.265458
0.470733
0.200346
0.752199
0.952056
0.500714
0.776691
0.853448
0.936746
0.505846
0.211422
0.051945
0.222062
0.773377
0.381042
0.109793
0.909207
0.944422
0.312916
0.168246
0.577969
0.600130
0.155506
0.192566
0.390239
0.551129
0.572927
0.863971
0.155618
0.594319
0.322801
0.130088
0.861054
0.294584
0.091615
0.845593
0.995934
0.731502
0.844971
0.478666
0.780656
0.648901
0.615655
