0.674544
0.338151
0.825771
0.747833
0.198724
0.280040
0.858713
0.546940
0.740331
0.332490
0.748760
0.768260
0.714154
0.638202
0.064094
0.136178
0.313767
0.082686
0.695593
0.426694
0.384514
0.476381
0.299564
0.996012
0.504702
0.336956
0.918234
0.643970
0.513590
0.135324
0.115876
0.457578
0.331315
0.384195
0.568326
0.618886
0.056081
0.355049
0.429552
0.487554
0.265453
0.490366
0.827869
0.907261
0.514145
0.367125
0.044393
0.705327
0.658088
0.368988
0.723993
0.734980
0.818501
0.485571
0.892534
0.291725
0.168107
0.980526
0.366669
0.710239
0.811633
0.945662
0.080032
0.105414
0.218144
0.157150
0.089375
0.034892
0.043194
0.061185
0.315062
0.319636
0.285492
0.366850
0.440469
0.045079
0.090163
0.519235
0.486792
0.646499
0.756698
0.436441
0.582137
0.052001
0.398334
0.410335
0.195928
0.301358
0.085344
0.844157
0.450412
0.681728
0.950092
0.829499
0.346551
0.501283
0.271581
0.395581
0.464286
0.394467
