0.209891
0.552246
0.229034
0.955465
0.180752
0.590205
0.818813
0.041209
0.071887
0.200375
0.165158
0.889124
0.412142
0.539924
0.068126
0.254204
0.267020
0.132573
0.267450
0.118504
0.565295
0.235591
0.309586
0.973832
0.134691
0.798185
0.210415
0.761086
0.045549
0.086270
0.450267
0.446887
0.357487
0.261393
0.503559
0.695615
0.843668
0.570698
0.274208
0.145392
0.010111
0.869637
0.690594
0.763762
0.410441
0.669001
0.439113
0.308878
0.580849
0.826593
0.523474
0.595046
0.494802
0.964624
0.280525
0.563423
0.060539
0.045857
0.687204
0.759061
0.059414
0.741078
0.479333
0.691368
0.728863
0.788615
0.747933
0.934990
0.375248
0.947330
0.654040
0.921236
0.250512
0.090659
0.467982
0.119191
0.002356
0.001827
0.323595
0.636460
0.886926
0.703928
0.293781
0.196500
0.083301
0.222456
0.450603
0.926057
0.152750
0.989759
0.355994
0.023644
0.263348
0.634125
0.987652
0.882443
0.114395
0.502570
0.709281
0.413330
