0.678950
0.762482
0.080091
0.247159
0.619566
0.568995
0.000904
0.307917
0.782875
0.481980
0.165499
0.449594
0.745018
0.621283
0.112463
0.546904
0.185035
0.657317
0.404183
0.900831
0.656094
0.712511
0.218088
0.433325
0.861803
0.061830
0.453176
0.408495
0.784827
0.984252
0.197457
0.295238
0.133484
0.603563
0.687742
0.626205
0.272221
0.177502
0.580425
0.310342
0.542818
0.002410
0.059108
0.515073
0.444779
0.518057
0.899952
0.665868
0.199485
0.085733
0.954711
0.436318
0.243359
0.563161
0.503817
0.054459
0.423752
0.590785
0.908693
0.898184
0.737637
0.412582
0.166473
0.616771
0.142922
0.856668
0.430112
0.197970
0.992857
0.934957
0.897066
0.251474
0.834520
0.456175
0.779820
0.569373
0.391816
0.972834
0.437370
0.327437
0.951218
0.120216
0.275444
0.751602
0.133614
0.795625
0.993093
0.237537
0.610180
0.538558
0.964686
0.041209
0.526017
0.121733
0.229758
0.063184
0.800298
0.698305
0.129631
0.142609
