0.494345
0.389942
0.249290
0.367980
0.355937
0.712935
0.615899
0.928705
0.590139
0.508235
0.618479
0.149725
0.534794
0.352440
0.925752
0.954772
0.372532
0.301823
0.510573
0.663365
0.128211
0.875857
0.830175
0.118766
0.616534
0.454395
0.924427
0.140318
0.538679
0.130405
0.816770
0.571536
0.694349
0.838336
0.524721
0.467935
0.198069
0.097166
0.940368
0.148995
0.732015
0.927494
0.340984
0.507173
0.973133
0.358730
0.084680
0.628516
0.150898
0.646232
0.562016
0.714715
0.710027
0.236080
0.875355
0.765505
0.938401
0.053513
0.246341
0.883378
0.433842
0.064159
0.699650
0.267895
0.056983
0.364650
0.889258
0.449369
0.819393
0.120580
0.965772
0.026129
0.669452
0.565223
0.220467
0.756762
0.652357
0.204521
0.042997
0.030510
0.931367
0.452355
0.097517
0.327968
0.640834
0.622852
0.217331
0.553552
0.851568
0.966354
0.279793
0.284031
0.007026
0.362302
0.064574
0.392584
0.741056
0.004215
0.416566
0.817476
