0.025339
0.516395
0.053898
0.880199
0.654581
0.710019
0.039115
0.195057
0.641442
0.533111
0.031854
0.833464
0.250841
0.142303
0.579029
0.696681
0.615810
0.055656
0.322854
0.139494
0.988644
0.060122
0.274041
0.544454
0.527230
0.498971
0.917629
0.382422
0.339016
0.014765
0.418351
0.839786
0.599998
0.597672
0.005353
0.254691
0.246759
0.933589
0.121912
0.871113
0.668964
0.337023
0.578466
0.473479
0.345493
0.538479
0.519729
0.406230
0.960003
0.496704
0.942174
0.978465
0.636482
0.843767
0.454482
0.935920
0.408088
0.965572
0.237866
0.307544
0.571135
0.917941
0.053048
0.016480
0.160801
0.831492
0.036343
0.039436
0.062700
0.392651
0.838405
0.266450
0.763762
0.019868
0.101163
0.270622
0.145152
0.967365
0.335384
0.421380
0.251140
0.770763
0.974811
0.983230
0.921327
0.793565
0.658963
0.100634
0.544555
0.388806
0.224279
0.707166
0.577911
0.241553
0.729811
0.917176
0.118488
0.252136
0.929707
0.425426
