0.023816
0.964521
0.747183
0.523255
0.957178
0.110769
0.141232
0.268237
0.539702
0.478673
0.589758
0.693238
0.669304
0.254051
0.785130
0.748582
0.346078
0.988231
0.774330
0.035547
0.703260
0.533660
0.986219
0.876572
0.592599
0.823484
0.022022
0.924288
0.550452
0.135922
0.218252
0.701690
0.986656
0.524565
0.251966
0.040372
0.202301
0.328272
0.079898
0.710597
0.514566
0.635526
0.441631
0.310190
0.069314
0.673515
0.900770
0.477094
0.917414
0.959230
0.412732
0.353900
0.246223
0.890915
0.636504
0.011551
0.415050
0.021177
0.260754
0.680273
0.812135
0.587440
0.814037
0.054312
0.309815
0.951349
0.050860
0.631968
0.429423
0.833230
0.950796
0.411652
0.801969
0.501005
0.405713
0.963384
0.179364
0.373105
0.992589
0.678847
0.584281
0.644534
0.701676
0.372473
0.108364
0.116292
0.301593
0.098571
0.866270
0.147187
0.665602
0.000871
0.077003
0.731011
0.055476
0.200473
0.431672
0.528906
0.466354
0.354152
