0.002460
0.957892
0.958635
0.958825
0.997116
0.647003
0.555271
0.372372
0.483073
0.827696
0.551655
0.028903
0.367763
0.571011
0.819536
0.884768
0.825617
0.278089
0.410660
0.711963
0.744775
0.585307
0.589604
0.841088
0.087700
0.417907
0.980487
0.353974
0.432401
0.626220
0.846294
0.032162
0.209984
0.433816
0.769743
0.658177
0.791363
0.010592
0.086524
0.992172
0.662616
0.689474
0.958055
0.752988
0.730924
0.068459
0.970589
0.716808
0.217721
0.409414
0.785665
0.310248
0.611539
0.381012
0.494905
0.493765
0.327735
0.989684
0.052222
0.915064
0.475933
0.214206
0.546408
0.649028
0.522470
0.876184
0.155171
0.637794
0.810682
0.966628
0.531160
0.906479
0.657762
0.208940
0.127919
0.956789
0.066399
0.932422
0.558597
0.121642
0.359837
0.374596
0.532249
0.817293
0.825996
0.212859
0.816607
0.245999
0.365734
0.378108
0.808696
0.790594
0.968418
0.515551
0.608712
0.881727
0.973901
0.151880
0.968164
0.852790
