0.440808
0.132246
0.038497
0.828068
0.361960
0.629338
0.006947
0.359878
0.597562
0.851695
0.553783
0.506425
0.350332
0.186737
0.973714
0.192086
0.287397
0.217893
0.235630
0.114921
0.237068
0.073308
0.819035
0.002434
0.360901
0.190438
0.015157
0.346056
0.910527
0.329059
0.973547
0.490015
0.990804
0.762967
0.019265
0.987717
0.334361
0.485928
0.197294
0.686156
0.385926
0.627286
0.212218
0.131751
0.130749
0.345572
0.415303
0.243947
0.630220
0.477958
0.044085
0.366751
0.103921
0.977885
0.431465
0.998122
0.697725
0.659089
0.178324
0.761580
0.111421
0.660823
0.544670
0.828323
0.869810
0.032062
0.831429
0.023653
0.119350
0.600241
0.753464
0.948125
0.505113
0.275583
0.254240
0.923997
0.850359
0.892073
0.802894
0.258572
0.075918
0.742469
0.947008
0.958928
0.388188
0.388224
0.683566
0.202365
0.116309
0.752334
0.630738
0.873423
0.990853
0.073641
0.895802
0.883372
0.426239
0.054045
0.482594
0.953781
