0.570167
0.371081
0.790962
0.510664
0.416414
0.810590
0.484475
0.938810
0.517071
0.511940
0.317161
0.311214
0.339366
0.500165
0.808000
0.417047
0.154336
0.402341
0.401369
0.554072
0.439374
0.971320
0.326360
0.310895
0.830270
0.992675
0.863262
0.263621
0.966265
0.392615
0.561436
0.300475
0.655523
0.806884
0.536292
0.776393
0.347396
0.078377
0.537207
0.915168
0.947282
0.841325
0.472632
0.752171
0.907917
0.574028
0.064746
0.050008
0.108480
0.003619
0.196019
0.850815
0.595274
0.301685
0.523007
0.195214
0.500220
0.197711
0.282839
0.384725
0.306250
0.290151
0.819178
0.988586
0.245477
0.373726
0.572636
0.918990
0.723217
0.864316
0.138867
0.961902
0.152019
0.371753
0.963158
0.848830
0.379559
0.063136
0.094634
0.030187
0.384249
0.471659
0.779924
0.771705
0.328940
0.181319
0.168117
0.753251
0.738722
0.420910
0.546329
0.030010
0.204461
0.283948
0.513997
0.194132
0.870109
0.521664
0.112241
0.811198
