0.167556
0.735225
0.520110
0.580089
0.479544
0.321403
0.823057
0.282561
0.571026
0.868403
0.983597
0.913360
0.481235
0.865269
0.131728
0.038333
0.978675
0.645475
0.922512
0.124010
0.622822
0.912282
0.393879
0.409045
0.163038
0.199485
0.640233
0.533410
0.673441
0.577823
0.699914
0.336791
0.298898
0.636207
0.873798
0.336432
0.027277
0.608608
0.596569
0.740095
0.789673
0.968625
0.721408
0.938810
0.625095
0.861296
0.544253
0.371075
0.175665
0.499408
0.521289
0.857206
0.102828
0.872073
0.569526
0.140573
0.215042
0.289148
0.047169
0.722280
0.380318
0.693032
0.135249
0.235087
0.221399
0.589031
0.071465
0.803690
0.454707
0.442213
0.151344
0.442245
0.604935
0.096033
0.150180
0.740231
0.459457
0.728147
0.923917
0.503399
0.085063
0.638906
0.215528
0.159563
0.831880
0.427066
0.820933
0.099008
0.260695
0.571142
0.267333
0.018271
0.067357
0.025004
0.785452
0.744395
0.711803
0.107838
0.778146
0.606041
