0.811726
0.669112
0.304471
0.163725
0.142747
0.237063
0.532292
0.595568
0.439335
0.887973
0.505204
0.753031
0.095291
0.774372
0.707554
0.599843
0.578970
0.645231
0.872871
0.358857
0.287857
0.412808
0.303879
0.972725
0.893785
0.772750
0.750307
0.701368
0.587777
0.868952
0.554563
0.458377
0.089764
0.261512
0.998298
0.875044
0.188261
0.558691
0.119001
0.531793
0.694710
0.075020
0.790846
0.332819
0.401308
0.588826
0.228363
0.954748
0.098677
0.344057
0.285355
0.740834
0.392700
0.039814
0.383629
0.407826
0.936791
0.317367
0.023619
0.650889
0.349584
0.397325
0.786748
0.564257
0.772945
0.273922
0.928275
0.467349
0.199407
0.321965
0.711057
0.020584
0.553928
0.923248
0.330933
0.932531
0.950067
0.502626
0.892894
0.810068
0.482724
0.863942
0.764374
0.166275
0.528473
0.139837
0.358194
0.160124
0.616786
0.622822
0.415145
0.610675
0.869925
0.124304
0.601640
0.029988
0.784985
0.015001
0.916586
0.114581
