0.296745
0.192570
0.179374
0.375681
0.924476
0.144256
0.236595
0.911003
0.048150
0.801862
0.618353
0.074022
0.637164
0.697328
0.096736
0.977344
0.753429
0.446414
0.843736
0.845150
0.205910
0.607501
0.185911
0.835201
0.284276
0.379612
0.344572
0.988207
0.480690
0.685168
0.450273
0.648442
0.062254
0.193787
0.417141
0.799007
0.023713
0.415019
0.698842
0.909339
0.372992
0.499949
0.843068
0.980664
0.873366
0.529027
0.606365
0.572097
0.237764
0.669349
0.233215
0.716808
0.778050
0.064749
0.645023
0.246161
0.853955
0.513253
0.675557
0.248117
0.958606
0.792275
0.763221
0.451224
0.683382
0.715372
0.824593
0.350888
0.546429
0.603261
0.792832
0.582049
0.276896
0.218928
0.973963
0.288351
0.333987
0.680723
0.302689
0.920692
0.657332
0.539917
0.602915
0.567737
0.254668
0.167572
0.725640
0.971494
0.556448
0.421431
0.551598
0.396839
0.331419
0.613297
0.020083
0.554729
0.468063
0.678699
0.648553
0.812477
