0.682909
0.373927
0.551590
0.129107
0.083084
0.823716
0.558662
0.511211
0.018564
0.583527
0.299076
0.548393
0.583703
0.560479
0.896869
0.657295
0.939572
0.464353
0.165722
0.940076
0.802157
0.383443
0.948051
0.635192
0.133526
0.628375
0.126615
0.973684
0.453063
0.662809
0.301113
0.538515
0.660475
0.109256
0.638713
0.512158
0.682584
0.763143
0.444478
0.058331
0.962701
0.921113
0.537685
0.326765
0.449264
0.016668
0.441056
0.970592
0.676718
0.583505
0.453116
0.055753
0.839730
0.644029
0.144870
0.573000
0.401499
0.825739
0.059371
0.894121
0.604330
0.789823
0.202101
0.234947
0.490683
0.210780
0.806018
0.402087
0.187146
0.761770
0.680620
0.366371
0.817463
0.310890
0.508837
0.149679
0.670792
0.230504
0.757830
0.150159
0.500054
0.957099
0.027193
0.068156
0.077900
0.765589
0.753514
0.086359
0.652476
0.655263
0.260154
0.515213
0.956311
0.193406
0.568231
0.354820
0.194510
0.253220
0.276738
0.456919
