0.122431
0.211913
0.548788
0.437116
0.755401
0.382025
0.277949
0.734605
0.444143
0.843897
0.547954
0.213146
0.399751
0.095411
0.174319
0.036001
0.811066
0.048076
0.747183
0.886953
0.471199
0.791098
0.258654
0.988554
0.139732
0.400881
0.235532
0.763699
0.062131
0.042633
0.767826
0.767238
0.866416
0.886340
0.590947
0.697644
0.957690
0.546487
0.307632
0.086697
0.974152
0.289759
0.113153
0.499082
0.985742
0.236361
0.915191
0.935715
0.108560
0.738902
0.379660
0.157801
0.930369
0.738730
0.825758
0.704470
0.522491
0.208131
0.817881
0.132604
0.089067
0.118951
0.596532
0.908359
0.448513
0.328120
0.559987
0.165333
0.127464
0.683323
0.475743
0.035114
0.459091
0.859847
0.499089
0.121723
0.451469
0.649480
0.740999
0.068138
0.551064
0.828157
0.281884
0.863450
0.181154
0.665661
0.293801
0.613630
0.918123
0.091230
0.342339
0.199526
0.562204
0.293019
0.011937
0.304836
0.087438
0.898818
0.967769
0.313798
