0.267988
0.401852
0.596782
0.986550
0.393012
0.481932
0.723696
0.532377
0.345353
0.515375
0.378741
0.250596
0.211169
0.433532
0.995477
0.372502
0.058617
0.906578
0.582305
0.099182
0.548623
0.752789
0.551821
0.736694
0.348119
0.168932
0.241826
0.172963
0.523135
0.840216
0.249458
0.076197
0.721466
0.082021
0.621616
0.923517
0.500144
0.363963
0.442912
0.188133
0.805105
0.130067
0.989530
0.194959
0.214695
0.209682
0.706968
0.436571
0.606387
0.864843
0.830035
0.482376
0.386542
0.566363
0.541235
0.246939
0.111276
0.846558
0.928432
0.290305
0.070740
0.429224
0.026429
0.154655
0.910906
0.275148
0.870511
0.819601
0.776664
0.421985
0.953775
0.366856
0.751474
0.030856
0.289416
0.195704
0.160832
0.751004
0.595701
0.403544
0.871261
0.576611
0.925215
0.887374
0.049899
0.686629
0.552759
0.716152
0.288886
0.931320
0.471787
0.881986
0.744531
0.129050
0.010830
0.677006
0.102532
0.794223
0.314725
0.244217
