0.310389
0.781180
0.203088
0.737795
0.979123
0.594289
0.007468
0.498478
0.731444
0.730577
0.160661
0.415644
0.272249
0.563793
0.155077
0.935064
0.216480
0.097962
0.928132
0.276489
0.802425
0.992942
0.831841
0.397294
0.311078
0.879487
0.075739
0.103831
0.986230
0.324510
0.884839
0.211812
0.567817
0.861927
0.491447
0.771538
0.525160
0.811884
0.534252
0.653558
0.573715
0.395802
0.757887
0.210302
0.357786
0.951151
0.396078
0.597532
0.267562
0.956514
0.253629
0.223232
0.693577
0.831803
0.151622
0.134146
0.658451
0.037972
0.746962
0.681447
0.938898
0.385811
0.467827
0.877706
0.259079
0.442291
0.907577
0.175993
0.918712
0.294252
0.991475
0.746626
0.776532
0.042346
0.878416
0.682429
0.070384
0.181814
0.711708
0.685706
0.170772
0.922154
0.313630
0.848060
0.030180
0.130415
0.877527
0.721575
0.093894
0.461394
0.350752
0.276086
0.975514
0.617385
0.448598
0.711065
0.531366
0.050393
0.151495
0.228441
