0.108715
0.897527
0.267333
0.966505
0.566443
0.600425
0.907033
0.405576
0.809194
0.680457
0.965885
0.576334
0.704170
0.553430
0.096951
0.143616
0.308073
0.816712
0.434386
0.546501
0.990897
0.565005
0.177221
0.427470
0.494802
0.664542
0.322179
0.630323
0.179484
0.683205
0.021743
0.774483
0.251126
0.540855
0.021259
0.463542
0.782310
0.205567
0.075788
0.105507
0.382187
0.106666
0.624946
0.548558
0.513042
0.339921
0.184052
0.386209
0.646699
0.551980
0.502779
0.392066
0.090648
0.961834
0.480730
0.594164
0.696857
0.957648
0.847999
0.451846
0.006320
0.087735
0.025145
0.765470
0.616364
0.293084
0.872860
0.470436
0.628323
0.812405
0.992045
0.585629
0.613785
0.499380
0.548378
0.384520
0.089667
0.513632
0.749894
0.137058
0.808079
0.798845
0.620299
0.158408
0.848176
0.297463
0.721480
0.977371
0.483285
0.216222
0.543694
0.692988
0.533417
0.615928
0.103998
0.073215
0.547565
0.082838
0.144708
0.967119
