0.482765
0.007846
0.863526
0.627101
0.549127
0.112908
0.155382
0.454933
0.123103
0.704602
0.424697
0.995312
0.659956
0.919018
0.559530
0.485099
0.368759
0.763615
0.057490
0.621002
0.397386
0.617429
0.217665
0.671118
0.784216
0.757172
0.849799
0.669060
0.240995
0.014764
0.801882
0.173390
0.240874
0.298934
0.121231
0.298472
0.901192
0.273313
0.845987
0.597937
0.454853
0.532741
0.290683
0.489471
0.879654
0.029633
0.130259
0.318131
0.303473
0.720470
0.471010
0.208327
0.192426
0.613918
0.973936
0.221314
0.484968
0.277949
0.285340
0.496808
0.624998
0.105064
0.882784
0.236727
0.921272
0.272301
0.496760
0.512838
0.471510
0.970393
0.619773
0.872661
0.457232
0.661156
0.965053
0.967916
0.003302
0.893337
0.001821
0.780159
0.678278
0.921955
0.566886
0.519306
0.155945
0.923058
0.607627
0.224618
0.928796
0.472254
0.644267
0.071229
0.108431
0.869309
0.194107
0.320842
0.406217
0.222768
0.617155
0.098122
