0.931965
0.951906
0.116836
0.431188
0.704822
0.257702
0.374940
0.480614
0.596789
0.576231
0.951374
0.888480
0.281656
0.808577
0.994811
0.292609
0.818989
0.670193
0.103118
0.843508
0.724661
0.904214
0.009476
0.236029
0.275358
0.480683
0.528579
0.469384
0.265761
0.205894
0.777378
0.427945
0.723137
0.191061
0.423503
0.599159
0.953616
0.358632
0.202594
0.204210
0.404295
0.783501
0.926463
0.245122
0.230938
0.352366
0.794969
0.336421
0.077672
0.924132
0.969028
0.335081
0.044232
0.769156
0.765435
0.084619
0.245372
0.727126
0.580140
0.094263
0.163259
0.912171
0.710063
0.119493
0.244021
0.242086
0.113975
0.785576
0.583769
0.436292
0.864924
0.347565
0.501283
0.113947
0.445462
0.127087
0.935711
0.484147
0.648279
0.464468
0.750983
0.711386
0.369657
0.779495
0.483305
0.469957
0.454628
0.069399
0.692156
0.804838
0.938926
0.177326
0.703700
0.713176
0.069408
0.242593
0.381030
0.170050
0.895781
0.759110
