0.427849
0.218344
0.933463
0.460085
0.780228
0.440756
0.573766
0.429777
0.027805
0.462792
0.881207
0.582298
0.613415
0.928275
0.452494
0.555422
0.086090
0.692899
0.619707
0.708556
0.991492
0.902020
0.198354
0.509229
0.107049
0.206471
0.640107
0.834867
0.390239
0.310373
0.898539
0.208686
0.512551
0.951370
0.536878
0.383888
0.336106
0.411470
0.781070
0.225306
0.956454
0.947023
0.526244
0.889371
0.177823
0.213467
0.791758
0.413821
0.052763
0.456926
0.240081
0.756840
0.880648
0.595546
0.985766
0.081187
0.951005
0.065977
0.606240
0.216718
0.912089
0.129380
0.509607
0.492309
0.568428
0.338983
0.735347
0.137613
0.442631
0.949466
0.351951
0.015368
0.448249
0.157476
0.860617
0.533225
0.193355
0.977908
0.043037
0.419023
0.185929
0.346996
0.151255
0.103942
0.353672
0.159144
0.594333
0.655612
0.436610
0.482663
0.489912
0.000973
0.372461
0.996489
0.068646
0.294343
0.773704
0.766859
0.763706
0.494546
