0.547378
0.869044
0.565738
0.185802
0.119435
0.156367
0.697247
0.142236
0.750364
0.345645
0.214293
0.624391
0.713949
0.793911
0.604256
0.927043
0.138666
0.176477
0.801581
0.111826
0.921777
0.151234
0.932725
0.119057
0.440502
0.790498
0.204950
0.408682
0.928132
0.926282
0.401240
0.281773
0.719684
0.773315
0.672132
0.380294
0.062535
0.019696
0.171680
0.451099
0.429648
0.076738
0.563952
0.574984
0.542682
0.083495
0.345072
0.945063
0.002978
0.294137
0.166861
0.202971
0.237618
0.930548
0.164742
0.780594
0.563633
0.326365
0.223561
0.691736
0.151060
0.632309
0.649213
0.719306
0.546918
0.204514
0.902096
0.627072
0.424793
0.105906
0.704104
0.372490
0.239547
0.754579
0.447249
0.906751
0.491578
0.667253
0.967505
0.980173
0.310796
0.155957
0.515656
0.043636
0.876302
0.516191
0.020333
0.033366
0.004334
0.114161
0.223749
0.675572
0.310603
0.525861
0.431749
0.024814
0.016503
0.397159
0.730498
0.947846
