0.501499
0.854141
0.246684
0.759294
0.072527
0.839487
0.967003
0.514566
0.701624
0.546588
0.231402
0.858273
0.540984
0.674041
0.716203
0.979750
0.369693
0.261388
0.921245
0.385117
0.803228
0.126932
0.918601
0.088354
0.001096
0.373300
0.519517
0.286446
0.604065
0.695637
0.969213
0.839998
0.916426
0.438690
0.882685
0.661364
0.075401
0.592533
0.867182
0.175595
0.942740
0.017224
0.981394
0.947478
0.096133
0.810220
0.666402
0.396293
0.639744
0.523743
0.654581
0.196118
0.936240
0.725408
0.851864
0.862657
0.495514
0.722367
0.562581
0.205076
0.116800
0.890051
0.630531
0.925779
0.780020
0.339294
0.325474
0.720121
0.983155
0.388048
0.204859
0.858362
0.219927
0.394932
0.131969
0.866299
0.801728
0.640500
0.339527
0.708264
0.517064
0.658644
0.731293
0.612691
0.854394
0.651630
0.961547
0.380079
0.137115
0.530520
0.324386
0.693746
0.123644
0.975169
0.298041
0.555986
0.575487
0.911071
0.821335
0.830659
