0.461648
0.805325
0.655931
0.345752
0.739348
0.785912
0.948040
0.737737
0.638728
0.640411
0.888877
0.888990
0.124822
0.790928
0.306054
0.688184
0.040677
0.357309
0.505860
0.190126
0.497549
0.254267
0.045068
0.701756
0.762763
0.242576
0.117640
0.311020
0.602392
0.435306
0.287758
0.574750
0.000833
0.635214
0.336161
0.159916
0.768855
0.080939
0.411972
0.404438
0.144145
0.847454
0.791983
0.964945
0.293700
0.448842
0.328869
0.806138
0.471213
0.318073
0.501812
0.646959
0.821270
0.138318
0.567911
0.166022
0.910751
0.376168
0.186695
0.553733
0.612418
0.851864
0.218128
0.107470
0.706294
0.971841
0.578861
0.652728
0.963628
0.210924
0.822540
0.182318
0.127986
0.709807
0.838874
0.496891
0.928136
0.339566
0.312156
0.396538
0.065295
0.123741
0.714591
0.017192
0.888210
0.778852
0.427798
0.207812
0.368062
0.045117
0.325409
0.812122
0.564874
0.220922
0.556868
0.127378
0.321531
0.370657
0.870407
0.465387
