0.810484
0.205578
0.358425
0.555011
0.334092
0.948209
0.243559
0.620158
0.355284
0.286525
0.953998
0.269077
0.291839
0.765772
0.167533
0.107752
0.423490
0.842132
0.781725
0.333378
0.878333
0.998304
0.326587
0.562995
0.548587
0.594157
0.637112
0.591086
0.379923
0.984621
0.859058
0.278340
0.723006
0.655189
0.502278
0.765006
0.066894
0.560399
0.778188
0.556383
0.317161
0.186727
0.432601
0.486504
0.636815
0.733927
0.113989
0.809538
0.061595
0.574349
0.945774
0.746676
0.290599
0.910421
0.666224
0.362152
0.726213
0.819523
0.048712
0.608601
0.522364
0.313919
0.513723
0.659103
0.973550
0.209888
0.677250
0.936031
0.654329
0.864854
0.053825
0.444747
0.444248
0.172411
0.835044
0.893205
0.897801
0.041417
0.079243
0.719633
0.291849
0.427624
0.696306
0.301854
0.962591
0.698078
0.051209
0.592232
0.377417
0.797430
0.325161
0.548630
0.815402
0.510797
0.468218
0.370940
0.394320
0.315437
0.587645
0.651222
