0.586501
0.297312
0.648442
0.550661
0.246411
0.208813
0.855248
0.278017
0.886882
0.460706
0.635370
0.637245
0.800869
0.099266
0.566472
0.642969
0.502821
0.516177
0.057909
0.719750
0.011222
0.804692
0.946126
0.654055
0.523347
0.813254
0.163864
0.947470
0.485989
0.203673
0.127950
0.160425
0.073914
0.503740
0.477509
0.345426
0.413469
0.613290
0.488632
0.799841
0.848683
0.613474
0.566472
0.561805
0.322586
0.650629
0.171861
0.326052
0.339993
0.107321
0.569330
0.526861
0.437851
0.945176
0.798993
0.983701
0.304939
0.179617
0.440515
0.261135
0.572366
0.991084
0.150521
0.491199
0.743608
0.945924
0.557888
0.839730
0.180050
0.879482
0.756811
0.987805
0.508340
0.076314
0.995131
0.351536
0.904835
0.795138
0.218128
0.492737
0.051911
0.397048
0.156136
0.834274
0.310123
0.408451
0.908722
0.977954
0.403742
0.034884
0.776060
0.999109
0.229417
0.465622
0.653840
0.595885
0.421476
0.463187
0.156970
0.315073
