0.793891
0.757158
0.199051
0.293169
0.943245
0.089755
0.526443
0.578283
0.483066
0.387824
0.173479
0.437994
0.015519
0.970060
0.659526
0.278441
0.278137
0.825237
0.984470
0.577721
0.554844
0.527819
0.270815
0.220821
0.464910
0.729030
0.087787
0.932261
0.709244
0.329608
0.063314
0.387534
0.692156
0.880187
0.740482
0.790825
0.827248
0.449007
0.697166
0.379051
0.877263
0.507851
0.005514
0.767413
0.426534
0.674351
0.682732
0.566719
0.170913
0.343547
0.484311
0.451885
0.639848
0.969888
0.235604
0.694077
0.452441
0.108842
0.127748
0.432336
0.470517
0.904720
0.181890
0.792472
0.025203
0.763059
0.581047
0.335390
0.423950
0.538772
0.314762
0.357240
0.919645
0.603372
0.823484
0.116550
0.678551
0.090839
0.872193
0.363016
0.290424
0.935076
0.453706
0.494304
0.481577
0.821374
0.843099
0.574969
0.248776
0.541844
0.894163
0.071191
0.373536
0.151634
0.602834
0.912209
0.685979
0.511288
0.427740
0.264084
