0.068685
0.977549
0.457139
0.409827
0.065040
0.967908
0.636697
0.128227
0.472254
0.472490
0.673582
0.987664
0.374780
0.210279
0.235485
0.830226
0.187995
0.009877
0.126219
0.501958
0.584692
0.806351
0.129541
0.791921
0.759350
0.801319
0.127722
0.218884
0.750905
0.424595
0.804017
0.753329
0.593936
0.232778
0.914143
0.295822
0.444694
0.752526
0.431220
0.792751
0.588254
0.436214
0.217972
0.190312
0.034402
0.430093
0.813235
0.518043
0.636674
0.485811
0.832736
0.473242
0.310096
0.873764
0.680022
0.478530
0.907004
0.423535
0.450610
0.438612
0.560342
0.052942
0.019499
0.947068
0.652127
0.628886
0.041068
0.465139
0.691117
0.174067
0.728755
0.782097
0.047581
0.673404
0.278735
0.214581
0.729637
0.145024
0.594848
0.066988
0.012648
0.871799
0.722316
0.335820
0.337919
0.287373
0.680354
0.933283
0.344640
0.527436
0.216913
0.456993
0.463469
0.060804
0.202008
0.786186
0.956736
0.236812
0.621024
0.828208
