0.859539
0.416914
0.330169
0.627272
0.920921
0.944060
0.298629
0.909241
0.731343
0.822766
0.540110
0.069247
0.249423
0.475784
0.916633
0.958845
0.793844
0.971777
0.964821
0.985855
0.052502
0.845224
0.044970
0.057268
0.873384
0.755947
0.354918
0.992774
0.518621
0.841772
0.453779
0.058319
0.303854
0.920367
0.195869
0.697666
0.366289
0.022094
0.573095
0.510258
0.188356
0.690359
0.970324
0.034190
0.858713
0.623932
0.340850
0.129140
0.893474
0.220676
0.644059
0.578064
0.434082
0.139387
0.577370
0.046396
0.254542
0.983282
0.714219
0.424448
0.536842
0.771440
0.080536
0.382290
0.132731
0.235061
0.891256
0.179746
0.737795
0.932308
0.466361
0.024169
0.435209
0.430885
0.043622
0.056641
0.231260
0.862221
0.335627
0.645045
0.794589
0.773168
0.343239
0.691051
0.703744
0.466421
0.711934
0.857271
0.126397
0.618205
0.807694
0.627205
0.660237
0.927122
0.718061
0.795138
0.070838
0.472917
0.561276
0.445265
