0.895468
0.066473
0.044045
0.229333
0.027895
0.110410
0.081424
0.943525
0.780531
0.674018
0.710926
0.606188
0.146602
0.918095
0.192874
0.974387
0.437493
0.197191
0.604094
0.255268
0.519538
0.677501
0.603416
0.740346
0.666565
0.798434
0.626124
0.407864
0.711715
0.142671
0.181563
0.851210
0.463495
0.405084
0.991066
0.048529
0.281141
0.791853
0.854767
0.349686
0.510440
0.691626
0.722541
0.143359
0.303319
0.206857
0.567417
0.221294
0.606321
0.626250
0.813432
0.135752
0.138367
0.133006
0.120573
0.641405
0.470564
0.775873
0.508949
0.537342
0.971978
0.078558
0.092474
0.640025
0.581485
0.927293
0.104722
0.598835
0.064366
0.710933
0.196890
0.901131
0.118449
0.400226
0.054706
0.640374
0.846491
0.372998
0.417281
0.206192
0.712840
0.049027
0.472504
0.619618
0.187733
0.574860
0.647522
0.195928
0.035500
0.009962
0.667920
0.113296
0.954415
0.017414
0.799121
0.867866
0.775137
0.867709
0.226423
0.630212
