0.851446
0.925677
0.255711
0.904304
0.065206
0.219630
0.266772
0.199040
0.887310
0.995520
0.247402
0.750413
0.521509
0.061575
0.179729
0.368765
0.713110
0.844749
0.692848
0.318232
0.633169
0.563009
0.237631
0.790151
0.719837
0.884893
0.201112
0.631412
0.344578
0.177505
0.451026
0.804124
0.993448
0.704924
0.863033
0.604094
0.559530
0.021681
0.167064
0.232580
0.623658
0.627612
0.483025
0.533403
0.993562
0.827498
0.321280
0.070677
0.427291
0.698129
0.051299
0.089026
0.665602
0.281403
0.704309
0.654848
0.064245
0.130608
0.159851
0.651415
0.702101
0.625354
0.943502
0.298868
0.250440
0.268852
0.133086
0.128399
0.934911
0.814424
0.967704
0.002465
0.229995
0.605089
0.430840
0.317129
0.114140
0.311256
0.192848
0.808955
0.848475
0.848927
0.680420
0.484010
0.769491
0.425689
0.987367
0.115524
0.016442
0.268274
0.004221
0.265374
0.024301
0.828413
0.625998
0.772709
0.709866
0.559053
0.934717
0.412179
