0.757448
0.280903
0.050637
0.687506
0.408332
0.960139
0.222310
0.277463
0.094941
0.706851
0.865572
0.433849
0.222464
0.220511
0.909881
0.488461
0.136132
0.339727
0.955733
0.762735
0.552961
0.374744
0.919820
0.629531
0.837296
0.029175
0.322399
0.694497
0.634236
0.119160
0.964304
0.233995
0.115515
0.332299
0.665535
0.006142
0.866724
0.479415
0.758827
0.004672
0.417755
0.955794
0.171802
0.192310
0.740676
0.213428
0.483449
0.749616
0.722607
0.148067
0.317389
0.524898
0.457066
0.006828
0.095170
0.695703
0.156410
0.933468
0.228790
0.340989
0.303663
0.834122
0.224193
0.661238
0.611362
0.526542
0.573190
0.221625
0.368038
0.685559
0.110916
0.509964
0.186069
0.152494
0.933568
0.500408
0.074499
0.930745
0.487650
0.072090
0.381702
0.334377
0.343665
0.721488
0.938525
0.697739
0.934493
0.626753
0.880714
0.259728
0.577232
0.187878
0.522824
0.137635
0.100098
0.622748
0.508662
0.403898
0.197848
0.424646
