0.889890
0.269731
0.504723
0.982626
0.726263
0.303720
0.810445
0.378633
0.361109
0.794962
0.068286
0.967671
0.875564
0.835428
0.415846
0.549112
0.551100
0.337255
0.798219
0.442311
0.642354
0.865123
0.504876
0.435922
0.190373
0.761953
0.162366
0.943175
0.212171
0.293204
0.569104
0.511975
0.591953
0.258189
0.311580
0.133102
0.539953
0.709076
0.455849
0.506356
0.244418
0.997130
0.836850
0.627960
0.730946
0.232522
0.447426
0.617747
0.722578
0.797166
0.504674
0.675860
0.902774
0.412827
0.227883
0.011319
0.936811
0.510167
0.475627
0.119724
0.879871
0.182650
0.482232
0.322399
0.448592
0.312696
0.119170
0.075034
0.762193
0.233485
0.785136
0.042930
0.456720
0.429243
0.322206
0.532819
0.896671
0.475098
0.593180
0.008783
0.661356
0.492185
0.844447
0.197435
0.410328
0.135711
0.081124
0.249791
0.462578
0.271657
0.303884
0.565382
0.440423
0.831949
0.097931
0.867987
0.196148
0.278894
0.640285
0.015658
