0.503650
0.655367
0.774407
0.491075
0.309268
0.382031
0.213334
0.857152
0.341803
0.968551
0.910527
0.427515
0.858880
0.917909
0.313441
0.053584
0.941355
0.883070
0.859764
0.289530
0.734475
0.643192
0.284575
0.661860
0.013077
0.660475
0.381971
0.692899
0.506565
0.095824
0.566080
0.573868
0.733711
0.287437
0.832685
0.970743
0.979440
0.042061
0.160941
0.740805
0.823619
0.303961
0.752427
0.045512
0.466401
0.361595
0.205715
0.657643
0.461300
0.665165
0.651749
0.653551
0.899332
0.010552
0.722585
0.426425
0.518480
0.522923
0.485585
0.039730
0.553011
0.698665
0.537542
0.379350
0.180862
0.162567
0.408607
0.468811
0.472200
0.441396
0.901655
0.502918
0.677191
0.960740
0.271349
0.911491
0.092717
0.194110
0.448282
0.531587
0.739276
0.984292
0.433041
0.270990
0.626057
0.824645
0.319061
0.128347
0.398980
0.254299
0.916370
0.254772
0.127439
0.906632
0.653440
0.816306
0.543306
0.392249
0.708717
0.566690
