0.330960
0.829786
0.084978
0.008632
0.560957
0.074865
0.598953
0.913413
0.960778
0.754515
0.416844
0.904920
0.590822
0.243533
0.579211
0.742139
0.393861
0.623370
0.028801
0.852869
0.240689
0.491537
0.208070
0.869833
0.725647
0.340127
0.781945
0.655108
0.598040
0.441278
0.652705
0.623007
0.154075
0.522682
0.249494
0.700193
0.590088
0.702314
0.564918
0.174183
0.865035
0.769114
0.977263
0.259366
0.882085
0.415063
0.184683
0.897066
0.083868
0.526783
0.065769
0.005007
0.063796
0.373081
0.961748
0.031088
0.721386
0.695946
0.159505
0.908585
0.756825
0.773057
0.032406
0.942933
0.346039
0.654982
0.846724
0.092392
0.447828
0.410341
0.494000
0.517451
0.917092
0.510503
0.492240
0.109113
0.939214
0.550351
0.853527
0.297013
0.556448
0.352623
0.299818
0.155985
0.439889
0.494788
0.580045
0.490042
0.621223
0.982655
0.394050
0.230737
0.621593
0.413387
0.561312
0.860167
0.347740
0.022434
0.711437
0.793708
