0.402223
0.442768
0.467632
0.379129
0.883657
0.907478
0.332945
0.913327
0.184306
0.735124
0.570807
0.185438
0.124539
0.082463
0.705599
0.371847
0.765582
0.369857
0.905534
0.297337
0.834122
0.343564
0.584545
0.880809
0.081421
0.952741
0.509999
0.823613
0.650711
0.955478
0.743329
0.794467
0.111601
0.103244
0.362024
0.079279
0.943598
0.409376
0.917069
0.081225
0.891219
0.745583
0.583615
0.637757
0.091663
0.637201
0.881124
0.469330
0.307326
0.100692
0.944396
0.293866
0.330524
0.798825
0.352839
0.325183
0.684061
0.848054
0.653002
0.454429
0.742283
0.778631
0.030158
0.479360
0.861461
0.557692
0.549811
0.247636
0.939014
0.276306
0.350462
0.496157
0.406865
0.086119
0.791540
0.606233
0.822301
0.180965
0.879626
0.721008
0.418516
0.546839
0.633473
0.440032
0.321333
0.354534
0.352554
0.374383
0.656931
0.185581
0.901807
0.339549
0.240874
0.548940
0.818103
0.472937
0.072833
0.018873
0.267183
0.621852
