0.835529
0.304491
0.462645
0.516093
0.124739
0.907033
0.520738
0.118244
0.229525
0.252902
0.322291
0.580030
0.478673
0.646580
0.934899
0.974775
0.517022
0.525075
0.853497
0.089607
0.654485
0.118516
0.098183
0.985568
0.220008
0.905679
0.999311
0.557027
0.999163
0.615899
0.836007
0.530221
0.038029
0.554779
0.925982
0.120592
0.857743
0.483128
0.914466
0.752612
0.482157
0.702402
0.024875
0.601051
0.253525
0.589303
0.425625
0.051741
0.253867
0.446177
0.425452
0.231921
0.907177
0.486072
0.018096
0.309773
0.767910
0.005554
0.724363
0.356052
0.727140
0.922431
0.135434
0.241488
0.271605
0.534423
0.654589
0.018843
0.674455
0.663757
0.169891
0.946224
0.625798
0.213338
0.474719
0.757208
0.715080
0.121505
0.885786
0.338705
0.168926
0.637268
0.778326
0.117065
0.372172
0.090814
0.224823
0.453408
0.302750
0.182515
0.886275
0.008062
0.013215
0.585131
0.227308
0.124464
0.797659
0.419620
0.944544
0.246807
