0.533175
0.411470
0.944141
0.449877
0.477176
0.945399
0.282279
0.598842
0.923261
0.658421
0.829875
0.790655
0.146010
0.818416
0.681218
0.033728
0.024461
0.569417
0.547242
0.950521
0.491950
0.065046
0.865706
0.563952
0.948450
0.241073
0.235180
0.439087
0.301481
0.263736
0.743708
0.278022
0.433816
0.446927
0.756110
0.121417
0.729146
0.303489
0.332808
0.615839
0.531801
0.596936
0.008669
0.683138
0.626598
0.203601
0.811871
0.572840
0.821069
0.149436
0.299091
0.809061
0.902921
0.000540
0.125626
0.119683
0.726394
0.204362
0.504869
0.155691
0.125553
0.844268
0.267745
0.879075
0.785884
0.418174
0.452626
0.780193
0.173861
0.194412
0.926454
0.973298
0.559726
0.515551
0.819855
0.506321
0.785081
0.449244
0.482799
0.060962
0.428440
0.561863
0.135574
0.116970
0.987677
0.055333
0.900821
0.675845
0.404307
0.613541
0.784491
0.127779
0.008623
0.508040
0.743408
0.433364
0.698188
0.994262
0.693569
0.358143
