0.873372
0.751218
0.812438
0.778465
0.153470
0.028691
0.831314
0.592085
0.927201
0.927157
0.492516
0.049840
0.789435
0.165006
0.383984
0.142702
0.740432
0.515431
0.514953
0.634132
0.005811
0.144154
0.548666
0.606771
0.464119
0.868669
0.387485
0.860664
0.298127
0.952953
0.518050
0.054586
0.068817
0.531687
0.890286
0.899762
0.351541
0.937364
0.452706
0.713234
0.442696
0.226028
0.927996
0.382572
0.322538
0.155137
0.293445
0.745597
0.894211
0.133853
0.289347
0.912080
0.000486
0.816398
0.272391
0.001566
0.486634
0.938381
0.780987
0.010366
0.675357
0.826041
0.920000
0.627790
0.516846
0.907295
0.255282
0.249050
0.185056
0.834431
0.275832
0.327415
0.151794
0.129606
0.392914
0.069497
0.015321
0.946111
0.224765
0.570392
0.509187
0.631116
0.388715
0.526812
0.100790
0.789032
0.506342
0.414470
0.291176
0.017287
0.179368
0.226554
0.202056
0.027758
0.354003
0.989843
0.396888
0.817404
0.524883
0.090197
