0.289783
0.717806
0.940845
0.163950
0.257161
0.397872
0.403997
0.814129
0.562690
0.774803
0.854731
0.730245
0.160645
0.392828
0.254425
0.009778
0.062588
0.234008
0.634777
0.002662
0.950450
0.759188
0.289749
0.563459
0.967339
0.582217
0.336294
0.349646
0.189498
0.805219
0.428825
0.514067
0.007661
0.323133
0.547299
0.157531
0.507613
0.295978
0.332447
0.511169
0.618960
0.013427
0.860800
0.997009
0.104019
0.280001
0.869971
0.862286
0.948348
0.624576
0.618479
0.437233
0.172745
0.023716
0.164079
0.229487
0.795964
0.490896
0.397306
0.301563
0.740877
0.198332
0.313152
0.175411
0.870924
0.218036
0.604507
0.806491
0.770728
0.445547
0.877751
0.135946
0.265849
0.938111
0.358068
0.670844
0.284531
0.663550
0.782944
0.499443
0.263191
0.324181
0.968795
0.854310
0.698122
0.317325
0.135612
0.529290
0.344247
0.356459
0.478196
0.919627
0.208582
0.844774
0.917083
0.203843
0.998404
0.966107
0.099834
0.837603
