0.828867
0.509628
0.656613
0.951804
0.336520
0.412745
0.031103
0.678980
0.323117
0.689946
0.646988
0.031018
0.921309
0.493372
0.527202
0.727807
0.483333
0.339171
0.020976
0.060423
0.144836
0.484243
0.480765
0.374697
0.198925
0.932058
0.090110
0.994462
0.137045
0.357332
0.674226
0.834324
0.662090
0.966537
0.374057
0.139370
0.579467
0.051585
0.342753
0.773266
0.153398
0.422520
0.365204
0.393788
0.430737
0.643711
0.595120
0.285644
0.239616
0.545093
0.339405
0.605001
0.639825
0.681824
0.423688
0.660904
0.024852
0.345757
0.999510
0.289362
0.512824
0.619270
0.633102
0.978092
0.367751
0.022210
0.158996
0.455046
0.224165
0.698305
0.813248
0.920880
0.262175
0.697828
0.938986
0.068651
0.528189
0.034634
0.236509
0.321590
0.982622
0.263713
0.606476
0.179873
0.504716
0.895557
0.005136
0.823729
0.317415
0.502139
0.522343
0.897946
0.796335
0.652824
0.060279
0.789100
0.827485
0.954070
0.971427
0.013284
