0.527812
0.843446
0.637349
0.515227
0.789762
0.723485
0.210302
0.876499
0.692546
0.139296
0.277300
0.316414
0.264037
0.890574
0.602672
0.406703
0.203760
0.275287
0.627790
0.736730
0.887418
0.453892
0.381156
0.133210
0.317579
0.419125
0.722745
0.169123
0.479517
0.370139
0.705789
0.229583
0.291510
0.824406
0.943636
0.324903
0.889596
0.588100
0.986062
0.278783
0.652958
0.675757
0.500887
0.017400
0.562719
0.180320
0.540318
0.602524
0.820875
0.836014
0.916830
0.877947
0.022187
0.010498
0.562944
0.171073
0.309050
0.289992
0.351945
0.319040
0.046204
0.015531
0.346247
0.141892
0.159607
0.939620
0.134699
0.433881
0.169136
0.633984
0.996147
0.723115
0.013486
0.334410
0.708564
0.435825
0.221544
0.914699
0.808225
0.840148
0.558199
0.853310
0.203647
0.544986
0.942372
0.400517
0.626272
0.048905
0.136259
0.651445
0.849019
0.872421
0.608520
0.026138
0.917871
0.001463
0.935637
0.296548
0.512965
0.994272
