0.820550
0.186945
0.143522
0.072442
0.897936
0.173738
0.908413
0.642383
0.654055
0.958967
0.970766
0.172006
0.290449
0.529723
0.938866
0.176874
0.515241
0.839936
0.026630
0.872222
0.011881
0.931987
0.127347
0.624487
0.937043
0.894720
0.619574
0.222403
0.723100
0.768183
0.019313
0.977950
0.585893
0.476761
0.889097
0.894200
0.240059
0.448190
0.158086
0.266595
0.889215
0.695629
0.729847
0.931995
0.418136
0.464387
0.618878
0.067530
0.360213
0.608534
0.709098
0.962114
0.235473
0.565092
0.538672
0.518523
0.577268
0.691434
0.671340
0.505141
0.423879
0.236203
0.067985
0.014550
0.592489
0.569337
0.600094
0.012331
0.623296
0.688737
0.463944
0.268870
0.825604
0.283230
0.603077
0.354392
0.120342
0.726974
0.757201
0.284178
0.623821
0.287146
0.463556
0.282571
0.985104
0.315231
0.888716
0.253642
0.986232
0.461815
0.624643
0.789271
0.274222
0.445961
0.266115
0.776678
0.731625
0.761516
0.192863
0.558199
