0.631524
0.179920
0.034649
0.260103
0.071083
0.702079
0.721240
0.750356
0.163615
0.294896
0.095067
0.786138
0.772625
0.852440
0.394803
0.375788
0.536899
0.422858
0.819731
0.730556
0.366032
0.967547
0.215798
0.228678
0.805665
0.993250
0.812813
0.140873
0.615026
0.951930
0.437350
0.993579
0.993221
0.613386
0.825083
0.683382
0.092887
0.765175
0.200629
0.632961
0.350048
0.203650
0.236050
0.370745
0.119061
0.221387
0.700039
0.727966
0.900203
0.191557
0.535771
0.739348
0.385256
0.258239
0.755919
0.966141
0.534644
0.870402
0.863555
0.697306
0.805912
0.276225
0.552665
0.601176
0.788827
0.533631
0.669978
0.905065
0.732499
0.417167
0.185641
0.575188
0.609944
0.853720
0.974688
0.897977
0.584443
0.425330
0.133941
0.888695
0.688354
0.037961
0.373880
0.768393
0.505246
0.157795
0.101298
0.882074
0.700134
0.300960
0.941257
0.130470
0.374821
0.941516
0.156331
0.483688
0.631212
0.617577
0.642309
0.897180
