0.112332
0.770274
0.783288
0.202470
0.241501
0.936084
0.928943
0.728755
0.317235
0.733805
0.669512
0.000002
0.171592
0.993077
0.967111
0.817979
0.242863
0.662060
0.985921
0.800473
0.734252
0.103068
0.068106
0.264552
0.449270
0.698011
0.077463
0.590176
0.767315
0.013522
0.715211
0.598570
0.083168
0.898704
0.307710
0.994218
0.535279
0.044957
0.129034
0.264650
0.408345
0.667039
0.526131
0.568573
0.620698
0.956832
0.739118
0.493406
0.123537
0.208505
0.252015
0.293560
0.593069
0.831797
0.525798
0.692296
0.838474
0.222728
0.115763
0.433066
0.715109
0.849470
0.047879
0.264241
0.826362
0.650244
0.975535
0.956135
0.653113
0.506656
0.041529
0.387643
0.082239
0.057938
0.181646
0.464246
0.285615
0.760762
0.987609
0.002194
0.220149
0.124434
0.259723
0.736975
0.384840
0.485030
0.573182
0.135725
0.446506
0.875756
0.027404
0.522767
0.319865
0.515199
0.961230
0.058977
0.898261
0.370451
0.003116
0.383311
