0.219261
0.757002
0.555025
0.250654
0.309003
0.741831
0.694077
0.521516
0.166717
0.557490
0.525486
0.657576
0.914038
0.471774
0.099577
0.535079
0.988491
0.317701
0.917232
0.368284
0.876420
0.891936
0.871679
0.887239
0.110426
0.315479
0.933112
0.983043
0.957234
0.994556
0.780159
0.931507
0.103254
0.128122
0.642910
0.502828
0.318004
0.896526
0.060732
0.794095
0.625265
0.717638
0.870459
0.333504
0.929021
0.192256
0.703891
0.917764
0.701852
0.798879
0.745039
0.805592
0.853376
0.693260
0.824019
0.277031
0.992577
0.210302
0.681351
0.366686
0.959342
0.579226
0.367722
0.352668
0.197944
0.132565
0.636452
0.973173
0.826202
0.382422
0.651793
0.107984
0.827120
0.807063
0.979273
0.046067
0.695203
0.341815
0.558553
0.727611
0.132017
0.250334
0.704837
0.279160
0.150824
0.311339
0.582759
0.564453
0.168634
0.487554
0.073859
0.268101
0.281534
0.556492
0.923576
0.153055
0.813787
0.815323
0.398370
0.946265
