0.151651
0.241030
0.403525
0.340494
0.023677
0.337841
0.771342
0.896479
0.651104
0.979656
0.962481
0.123385
0.994910
0.267104
0.013944
0.478353
0.014971
0.643992
0.249543
0.607796
0.289798
0.283982
0.757979
0.603482
0.999551
0.458557
0.512670
0.161446
0.879804
0.507907
0.650503
0.866962
0.426470
0.333482
0.702960
0.508690
0.275449
0.524338
0.450570
0.805272
0.323461
0.627390
0.707664
0.012357
0.990387
0.179965
0.860522
0.241787
0.659904
0.922354
0.167330
0.715984
0.544311
0.560791
0.101196
0.404519
0.480464
0.112921
0.203794
0.061907
0.657146
0.783714
0.320682
0.660689
0.676422
0.813629
0.093864
0.966793
0.622289
0.559472
0.198743
0.543292
0.781373
0.623644
0.663653
0.067521
0.217295
0.046751
0.197217
0.213055
0.244641
0.716400
0.592408
0.681233
0.243524
0.633769
0.401611
0.412663
0.662372
0.934700
0.722113
0.412695
0.094687
0.810008
0.884822
0.898704
0.998183
0.840378
0.998315
0.008357
