0.118730
0.122962
0.984852
0.074227
0.452607
0.465152
0.705408
0.490022
0.035954
0.688008
0.091902
0.978775
0.153652
0.174329
0.695490
0.694445
0.070293
0.457818
0.322538
0.012869
0.983376
0.120717
0.358839
0.045471
0.440965
0.732131
0.556477
0.367458
0.238127
0.367780
0.517663
0.445764
0.189869
0.058318
0.219012
0.322731
0.645520
0.208405
0.351490
0.116774
0.110361
0.299488
0.541034
0.319333
0.255210
0.678492
0.411426
0.955827
0.542998
0.616128
0.999724
0.355702
0.332025
0.422667
0.485873
0.956054
0.613578
0.828132
0.538858
0.523616
0.626464
0.234663
0.031061
0.278711
0.021787
0.457046
0.063860
0.027915
0.426483
0.992942
0.875406
0.474427
0.768344
0.029758
0.685544
0.398703
0.821024
0.997921
0.827946
0.979080
0.153973
0.643644
0.670659
0.658436
0.722621
0.487156
0.584963
0.107592
0.535907
0.409902
0.186456
0.905912
0.937910
0.720957
0.527997
0.108662
0.552484
0.390197
0.127368
0.770512
