0.935336
0.876122
0.102900
0.622763
0.257516
0.316557
0.929358
0.405868
0.313278
0.928731
0.181277
0.083396
0.741515
0.808869
0.175641
0.419658
0.001658
0.582232
0.456082
0.903496
0.364464
0.915843
0.492626
0.169416
0.547443
0.236935
0.092011
0.977531
0.715204
0.989840
0.581690
0.167385
0.209327
0.630071
0.068834
0.942022
0.524218
0.056456
0.321740
0.946459
0.844669
0.990311
0.169007
0.158089
0.025099
0.926454
0.877173
0.226777
0.968454
0.722795
0.098177
0.368771
0.374881
0.186938
0.378395
0.229018
0.530249
0.041435
0.865543
0.161337
0.553336
0.040016
0.851167
0.986367
0.774184
0.427586
0.776788
0.793192
0.166525
0.185932
0.158156
0.592210
0.246113
0.078291
0.718119
0.560907
0.028532
0.987826
0.852415
0.794020
0.347622
0.731784
0.582342
0.739793
0.130044
0.932876
0.990789
0.111079
0.728444
0.465656
0.247622
0.854184
0.000972
0.481932
0.754224
0.776962
0.168550
0.823200
0.946014
0.668120
