0.442193
0.470814
0.484421
0.938573
0.045023
0.370928
0.294986
0.108022
0.195909
0.213789
0.880914
0.734670
0.634925
0.304563
0.384544
0.848488
0.477013
0.500158
0.652053
0.626842
0.424020
0.956858
0.370999
0.547242
0.190968
0.408545
0.632983
0.884773
0.451548
0.569381
0.406603
0.200562
0.937283
0.777142
0.387419
0.167742
0.156024
0.316372
0.868877
0.798973
0.360086
0.869067
0.481775
0.985354
0.639151
0.643073
0.809015
0.736485
0.175457
0.257016
0.913623
0.308182
0.605451
0.195726
0.317553
0.432524
0.675121
0.218592
0.289957
0.674921
0.792778
0.851689
0.020608
0.268866
0.196111
0.542611
0.488914
0.797457
0.135938
0.982303
0.770763
0.731213
0.848249
0.686990
0.436318
0.621919
0.984692
0.216964
0.533111
0.928044
0.001766
0.792676
0.460699
0.572432
0.986253
0.485702
0.837885
0.414155
0.675927
0.693967
0.371776
0.289491
0.159437
0.389255
0.082331
0.570982
0.034117
0.547328
0.624177
0.591211
