0.467922
0.111036
0.730765
0.598599
0.745461
0.047101
0.638520
0.542288
0.838117
0.262092
0.641523
0.556991
0.357498
0.104312
0.562487
0.841070
0.486003
0.515896
0.667431
0.847074
0.093991
0.073122
0.001884
0.526961
0.718039
0.724284
0.292669
0.436655
0.092482
0.821983
0.868149
0.797868
0.301241
0.039024
0.121525
0.957964
0.216313
0.293911
0.194525
0.583117
0.380539
0.362958
0.289024
0.977387
0.799168
0.828176
0.641516
0.281675
0.757767
0.780607
0.448078
0.371093
0.186959
0.156565
0.713876
0.298482
0.940420
0.212233
0.101465
0.394773
0.835680
0.257457
0.149734
0.979766
0.744768
0.123686
0.254105
0.113220
0.940127
0.540970
0.490862
0.347002
0.340055
0.290111
0.653610
0.240706
0.975623
0.904465
0.020166
0.051286
0.426521
0.910571
0.046837
0.467800
0.949614
0.145675
0.453169
0.543227
0.653951
0.104034
0.360594
0.603866
0.222841
0.386790
0.733386
0.431549
0.204627
0.375349
0.829920
0.743014
