0.440417
0.757236
0.961655
0.005348
0.787665
0.064370
0.546746
0.340310
0.902233
0.496413
0.756953
0.332868
0.656776
0.145632
0.061741
0.240413
0.747298
0.267843
0.860102
0.367283
0.729529
0.642606
0.878813
0.369199
0.392584
0.844805
0.360109
0.589141
0.837509
0.654337
0.901391
0.888345
0.280874
0.652720
0.519863
0.875547
0.703077
0.005024
0.142770
0.091969
0.121392
0.985623
0.692495
0.325485
0.603269
0.625628
0.809247
0.893268
0.421196
0.926154
0.176807
0.370522
0.402781
0.538579
0.176474
0.088316
0.963246
0.902314
0.980645
0.577516
0.619478
0.314161
0.613053
0.085458
0.683603
0.677117
0.787460
0.984018
0.624517
0.294137
0.603438
0.047918
0.953389
0.719029
0.730071
0.964889
0.813070
0.581142
0.692627
0.111122
0.611244
0.134109
0.113910
0.569985
0.302018
0.779081
0.703341
0.630116
0.072470
0.721982
0.382854
0.007119
0.890771
0.368970
0.768841
0.861762
0.186171
0.725270
0.760783
0.255047
