0.135350
0.922911
0.624839
0.939059
0.789407
0.069837
0.658039
0.068988
0.085994
0.022949
0.300691
0.182331
0.797149
0.705637
0.652141
0.365468
0.691700
0.732210
0.461307
0.522640
0.655416
0.503968
0.284212
0.823778
0.172011
0.932735
0.003279
0.144075
0.203575
0.139004
0.081719
0.189764
0.395518
0.034548
0.910504
0.427283
0.068627
0.114312
0.227710
0.014915
0.911488
0.870501
0.979944
0.409423
0.615191
0.097353
0.183418
0.982030
0.786816
0.610710
0.489670
0.611989
0.516176
0.996976
0.818141
0.138137
0.534516
0.637790
0.767233
0.373408
0.519696
0.913926
0.137274
0.505123
0.342386
0.746131
0.667243
0.328893
0.475630
0.294725
0.384830
0.172269
0.178571
0.098164
0.045418
0.531532
0.968697
0.350406
0.515006
0.480094
0.490804
0.280013
0.795862
0.940286
0.675817
0.426765
0.133448
0.673836
0.288072
0.006442
0.692363
0.446738
0.112111
0.513253
0.413459
0.050351
0.773787
0.000255
0.399950
0.470087
