0.687440
0.179096
0.292328
0.001776
0.093076
0.728812
0.305450
0.391459
0.281846
0.300798
0.391498
0.787959
0.076356
0.165619
0.166483
0.976334
0.493883
0.490076
0.789979
0.139283
0.630722
0.457045
0.347133
0.267682
0.276674
0.278880
0.453836
0.154503
0.329819
0.257733
0.815241
0.323436
0.249302
0.839936
0.961666
0.727520
0.229896
0.279838
0.435932
0.736419
0.139499
0.168050
0.064253
0.110913
0.093061
0.447300
0.899881
0.397577
0.130037
0.658772
0.639648
0.756434
0.951043
0.361740
0.612774
0.027651
0.277109
0.479688
0.902094
0.159347
0.356971
0.655162
0.596311
0.871383
0.404244
0.223356
0.035358
0.253611
0.214020
0.116878
0.422688
0.821749
0.372429
0.680569
0.395278
0.773597
0.255068
0.480104
0.923244
0.803880
0.427045
0.250619
0.039508
0.847542
0.053352
0.429662
0.470111
0.854606
0.426074
0.338726
0.393001
0.022740
0.546736
0.555629
0.235139
0.501468
0.622200
0.406029
0.607088
0.236901
