0.513073
0.408414
0.038397
0.073583
0.396771
0.000000
0.204486
0.000000
0.419884
0.000000
0.852146
0.291751
0.169965
0.286631
0.000000
0.481985
0.667907
0.000000
0.482127
0.000000
0.453393
0.000000
0.000000
0.525847
0.000000
0.289495
0.000000
0.048294
0.000000
0.000000
0.000000
0.406363
0.000000
0.779243
0.106011
0.353676
0.000000
0.087682
0.414542
0.000000
0.860193
0.584020
0.548462
0.000000
0.210450
0.000000
0.582757
0.011601
0.645981
0.000000
0.000000
0.456439
0.807389
0.305013
0.087180
0.000000
0.806919
0.000000
0.361223
0.076409
0.760612
0.019838
0.000000
0.383323
0.776567
0.819577
0.977254
0.665749
0.241286
0.824877
0.000000
0.278368
0.000000
0.000000
0.000000
0.739303
0.614380
0.638292
0.804646
0.612785
0.000000
0.666549
0.000000
0.901347
0.298655
0.041506
0.672433
0.000000
0.000000
0.000000
0.000000
0.519326
0.000000
0.401109
0.000000
0.000000
0.000000
0.000000
0.443507
0.000000
