0.657280
0.639180
0.524933
0.753159
0.313199
0.318662
0.686186
0.286949
0.130005
0.275636
0.743028
0.741013
0.689239
0.571390
0.753961
0.300766
0.212617
0.125357
0.077076
0.746512
0.801366
0.853708
0.752285
0.667394
0.739348
0.029240
0.621149
0.129207
0.862492
0.096364
0.869545
0.452885
0.538379
0.233612
0.983432
0.339377
0.590323
0.799222
0.602362
0.474156
0.547695
0.766410
0.302904
0.013887
0.888528
0.992678
0.274943
0.428375
0.957010
0.979775
0.238603
0.272230
0.724966
0.775380
0.628160
0.849872
0.133014
0.753692
0.985810
0.712088
0.084472
0.343295
0.626798
0.787973
0.419423
0.276666
0.173516
0.533268
0.630094
0.593907
0.752391
0.321424
0.245223
0.286471
0.106625
0.316287
0.086561
0.741623
0.689990
0.405949
0.016023
0.879404
0.206934
0.626168
0.590697
0.510468
0.762298
0.655731
0.940747
0.497542
0.643837
0.259293
0.615352
0.382175
0.780766
0.828592
0.331156
0.927446
0.338994
0.014728
