0.566559
0.084600
0.417192
0.689497
0.537242
0.079321
0.473756
0.397343
0.881224
0.870350
0.980888
0.749188
0.498811
0.530292
0.017501
0.759993
0.385805
0.142593
0.892307
0.562298
0.088065
0.106356
0.523581
0.351979
0.224806
0.828125
0.414306
0.682555
0.320436
0.157565
0.138886
0.621142
0.146245
0.629938
0.453454
0.800150
0.259879
0.818696
0.017895
0.408595
0.258453
0.014526
0.896692
0.368472
0.073699
0.894079
0.188374
0.195913
0.670755
0.883043
0.756351
0.573773
0.003317
0.995959
0.241709
0.198854
0.129295
0.767700
0.732203
0.061426
0.099716
0.403420
0.222127
0.393219
0.153542
0.799673
0.125256
0.424090
0.219181
0.289600
0.508193
0.102539
0.044616
0.197911
0.128604
0.789544
0.000052
0.923697
0.017481
0.579803
0.666898
0.560957
0.919714
0.517409
0.443921
0.961880
0.902547
0.635548
0.181023
0.075771
0.285026
0.752974
0.199575
0.203295
0.544784
0.911177
0.914656
0.549854
0.604441
0.479142
