0.171888
0.676259
0.323692
0.819341
0.489279
0.828036
0.844410
0.325436
0.941605
0.866363
0.210128
0.700890
0.743529
0.428980
0.267937
0.807674
0.718170
0.865898
0.508403
0.010478
0.230641
0.538479
0.949791
0.926057
0.091741
0.867420
0.716670
0.826253
0.711057
0.799626
0.621401
0.652557
0.165254
0.184700
0.390470
0.978410
0.166852
0.749388
0.132101
0.723776
0.088050
0.507662
0.962539
0.493772
0.686916
0.475085
0.608999
0.669127
0.304749
0.779025
0.483483
0.744810
0.683847
0.024410
0.630197
0.428915
0.249343
0.736795
0.895609
0.976177
0.124521
0.179873
0.975814
0.320730
0.581237
0.029428
0.538643
0.005742
0.167250
0.041496
0.948760
0.393812
0.358281
0.792513
0.093636
0.540311
0.304914
0.885786
0.682326
0.977847
0.272349
0.948209
0.925615
0.124897
0.251349
0.089076
0.944513
0.734677
0.325517
0.406522
0.121787
0.724269
0.739290
0.714343
0.514278
0.941902
0.873702
0.299905
0.788103
0.878874
