0.431169
0.028990
0.536292
0.107719
0.115288
0.234744
0.229221
0.233607
0.561559
0.365221
0.732997
0.288851
0.974051
0.353569
0.423324
0.501457
0.938610
0.359924
0.213829
0.734548
0.379051
0.451198
0.026834
0.657465
0.579599
0.245503
0.624658
0.950193
0.462143
0.356275
0.825398
0.038483
0.263621
0.610579
0.195280
0.464018
0.774233
0.921436
0.612906
0.121667
0.183742
0.283611
0.989526
0.737255
0.464830
0.005796
0.146323
0.879053
0.196982
0.958156
0.055058
0.023244
0.658770
0.081572
0.877846
0.082288
0.298472
0.919082
0.471571
0.425106
0.484475
0.339288
0.959937
0.412035
0.413941
0.370410
0.679054
0.671614
0.115466
0.962117
0.900203
0.838837
0.601493
0.956448
0.469626
0.119964
0.032519
0.886758
0.144043
0.079506
0.280942
0.579051
0.929983
0.461361
0.123182
0.650941
0.194678
0.513562
0.742684
0.880165
0.961209
0.420363
0.175558
0.700846
0.034533
0.263588
0.622807
0.024356
0.659474
0.188804
