0.331697
0.037935
0.800936
0.217980
0.918216
0.638847
0.025003
0.705262
0.471192
0.921071
0.334713
0.342596
0.541550
0.685050
0.968534
0.475098
0.836479
0.869263
0.876842
0.837521
0.186583
0.633947
0.149240
0.987547
0.192180
0.302643
0.713949
0.648464
0.383816
0.122330
0.605465
0.469040
0.190309
0.120250
0.966299
0.136800
0.622593
0.184149
0.388358
0.460252
0.240296
0.691611
0.530200
0.008829
0.313278
0.003407
0.258905
0.809690
0.335285
0.584552
0.484366
0.271146
0.531302
0.969473
0.295948
0.574028
0.285654
0.824078
0.764191
0.971265
0.525472
0.936354
0.330469
0.518896
0.068380
0.453229
0.274756
0.835894
0.612898
0.183176
0.372260
0.095058
0.202556
0.045755
0.216051
0.096077
0.489513
0.610786
0.883657
0.628975
0.548083
0.651067
0.494318
0.276944
0.157458
0.306927
0.328027
0.099846
0.796457
0.524685
0.187556
0.318716
0.279078
0.983380
0.394442
0.525599
0.535357
0.598592
0.344960
0.350179
