0.461554
0.857832
0.990987
0.260791
0.804805
0.327415
0.274871
0.592371
0.417717
0.361126
0.689349
0.914770
0.005577
0.718512
0.208659
0.412336
0.612019
0.806637
0.776962
0.199069
0.708659
0.817437
0.307834
0.244248
0.399282
0.693761
0.976114
0.690521
0.602355
0.096296
0.545187
0.298015
0.427624
0.491902
0.237674
0.035031
0.454289
0.179235
0.063442
0.788608
0.316271
0.548162
0.907389
0.325830
0.646484
0.208801
0.164064
0.507942
0.169868
0.432039
0.027139
0.056759
0.829729
0.761826
0.881682
0.805938
0.216503
0.875745
0.700788
0.560704
0.253454
0.126480
0.070193
0.189733
0.289813
0.736327
0.274799
0.646143
0.304039
0.760247
0.061966
0.876060
0.953492
0.683633
0.386681
0.956491
0.164723
0.834431
0.037465
0.922077
0.791343
0.951087
0.332228
0.449904
0.684496
0.390343
0.528466
0.064830
0.851967
0.791581
0.179374
0.356539
0.976891
0.102604
0.241043
0.318939
0.981293
0.059197
0.864807
0.275995
