0.617658
0.130000
0.745690
0.471159
0.401710
0.850426
0.499005
0.428806
0.102242
0.217621
0.845433
0.417895
0.827427
0.547601
0.663098
0.098749
0.016562
0.473106
0.537257
0.230062
0.716888
0.144054
0.287965
0.371187
0.767181
0.407970
0.308940
0.751068
0.899993
0.179432
0.899686
0.525684
0.468703
0.925264
0.156328
0.221427
0.155443
0.463422
0.494228
0.286077
0.997593
0.153028
0.035871
0.191755
0.479061
0.716859
0.995820
0.772172
0.835768
0.005242
0.547688
0.397239
0.135714
0.714606
0.254236
0.867136
0.610904
0.930339
0.134913
0.628938
0.086842
0.795916
0.514559
0.053157
0.744911
0.085063
0.258754
0.415120
0.921564
0.738766
0.010532
0.206949
0.569752
0.318726
0.377918
0.281218
0.067540
0.848897
0.984545
0.333460
0.104529
0.224565
0.317993
0.794271
0.488550
0.529631
0.114944
0.074336
0.865047
0.260323
0.966061
0.806611
0.641775
0.663994
0.069182
0.678839
0.551533
0.925845
0.533603
0.208705
