0.170651
0.218712
0.749894
0.936925
0.728719
0.756840
0.122606
0.299472
0.043636
0.497369
0.550135
0.587623
0.647507
0.640122
0.310472
0.589141
0.145749
0.372207
0.919885
0.637490
0.144125
0.086124
0.135663
0.628249
0.593393
0.823148
0.146763
0.103191
0.759774
0.088453
0.876342
0.822514
0.090230
0.647789
0.654878
0.003632
0.252570
0.562240
0.677930
0.179347
0.632895
0.546336
0.504026
0.986192
0.174223
0.388667
0.132140
0.740059
0.051822
0.019584
0.393470
0.304955
0.441735
0.021662
0.131196
0.088321
0.851034
0.373590
0.926397
0.101977
0.985245
0.976180
0.186203
0.331380
0.286515
0.592445
0.371505
0.177542
0.596789
0.051011
0.497535
0.579116
0.460505
0.098492
0.458837
0.026525
0.828311
0.179736
0.477584
0.012863
0.243785
0.808922
0.990855
0.412198
0.079220
0.480771
0.183391
0.546350
0.838812
0.170576
0.994093
0.634169
0.661875
0.217402
0.365163
0.660512
0.587814
0.391676
0.326884
0.304872
