0.216925
0.116736
0.188449
0.916717
0.768491
0.432020
0.445147
0.229774
0.693591
0.945992
0.469451
0.109929
0.728863
0.229333
0.594289
0.049155
0.302120
0.262636
0.482171
0.287496
0.369393
0.572818
0.074127
0.109240
0.558293
0.818357
0.516853
0.645594
0.357165
0.259691
0.756691
0.062859
0.721604
0.536014
0.787460
0.815094
0.219819
0.254849
0.158313
0.578232
0.062475
0.510090
0.022001
0.285168
0.165041
0.114872
0.591857
0.058123
0.721466
0.418351
0.481386
0.773036
0.409627
0.059583
0.874127
0.137802
0.432776
0.802760
0.631672
0.367921
0.499713
0.834955
0.335048
0.086992
0.829914
0.591593
0.733826
0.434399
0.166010
0.009395
0.088281
0.959724
0.381498
0.355725
0.620720
0.170668
0.203616
0.781201
0.582839
0.177566
0.191058
0.457532
0.781711
0.949546
0.767553
0.831683
0.147672
0.246675
0.150268
0.832660
0.634021
0.954483
0.591336
0.161075
0.425503
0.920623
0.762432
0.309164
0.182563
0.490524
