0.970252
0.469026
0.346540
0.298507
0.775984
0.947522
0.877728
0.782021
0.102092
0.355524
0.334691
0.464575
0.491041
0.644845
0.569752
0.714095
0.965371
0.996463
0.960912
0.952595
0.969854
0.470713
0.154544
0.942201
0.715306
0.950660
0.826760
0.156428
0.742576
0.658496
0.724218
0.085860
0.706653
0.122945
0.479640
0.643763
0.555458
0.666594
0.118917
0.765772
0.552412
0.364854
0.386608
0.028868
0.201314
0.279788
0.977684
0.295671
0.294418
0.615388
0.267146
0.895541
0.827043
0.713395
0.836328
0.389104
0.968457
0.494207
0.928644
0.891596
0.703458
0.728132
0.673915
0.445337
0.345117
0.368812
0.327843
0.731798
0.043762
0.712307
0.074001
0.936909
0.036398
0.205685
0.516930
0.166868
0.355696
0.986446
0.408976
0.334988
0.142003
0.312953
0.239259
0.170717
0.193011
0.003626
0.192267
0.028146
0.770930
0.778444
0.601169
0.358252
0.186737
0.846957
0.249507
0.724284
0.439426
0.069397
0.121204
0.385630
