0.278851
0.916595
0.219032
0.687860
0.810200
0.877504
0.373572
0.761946
0.479313
0.375088
0.755316
0.682968
0.923392
0.763565
0.495369
0.603586
0.516360
0.543407
0.914095
0.245297
0.227573
0.309841
0.842504
0.568639
0.398555
0.761925
0.586421
0.350190
0.643332
0.675431
0.835573
0.373495
0.385787
0.134512
0.399566
0.106337
0.776352
0.332211
0.211609
0.589626
0.155219
0.987276
0.144858
0.586545
0.728436
0.015565
0.667202
0.624887
0.236067
0.847435
0.895974
0.759823
0.745769
0.400109
0.169650
0.105542
0.017335
0.981154
0.244890
0.966322
0.914395
0.907591
0.239526
0.793117
0.436843
0.543450
0.748368
0.305862
0.744710
0.035686
0.790458
0.044928
0.267445
0.199262
0.548637
0.820816
0.158227
0.887558
0.432349
0.376400
0.800345
0.797612
0.219935
0.661356
0.136262
0.303468
0.558437
0.376644
0.836391
0.030242
0.731083
0.068311
0.726177
0.588951
0.081239
0.631642
0.484284
0.324472
0.875801
0.544239
