0.685094
0.866834
0.707517
0.007401
0.533204
0.306353
0.328424
0.510748
0.014564
0.620550
0.893131
0.845581
0.783962
0.056105
0.113987
0.028461
0.708930
0.530996
0.301384
0.709310
0.742211
0.685013
0.689555
0.327209
0.807747
0.700443
0.003201
0.797497
0.066470
0.360392
0.585402
0.030800
0.719342
0.209907
0.557808
0.072354
0.656309
0.899522
0.669090
0.283630
0.325847
0.147476
0.913542
0.788232
0.956238
0.885808
0.657732
0.601714
0.043293
0.141213
0.323182
0.027069
0.801949
0.386167
0.151607
0.706404
0.671066
0.008819
0.581902
0.574947
0.550315
0.558792
0.636267
0.668031
0.629642
0.344337
0.168812
0.130070
0.627279
0.563154
0.761890
0.667675
0.224913
0.494207
0.767980
0.793789
0.325841
0.936043
0.394846
0.123840
0.259426
0.817234
0.072875
0.233232
0.884462
0.384231
0.954571
0.855272
0.113721
0.726691
0.675720
0.222196
0.837904
0.400671
0.007122
0.802512
0.225494
0.244641
0.474915
0.672406
