0.884189
0.350417
0.971354
0.847717
0.512558
0.653892
0.623584
0.479960
0.107001
0.834949
0.457638
0.970576
0.753478
0.298467
0.777800
0.038246
0.725597
0.779392
0.103017
0.173681
0.754628
0.794616
0.127024
0.023398
0.811772
0.133973
0.447242
0.252548
0.454734
0.507795
0.400208
0.642569
0.101407
0.242659
0.090652
0.928040
0.837609
0.222581
0.176060
0.451899
0.791887
0.297140
0.103541
0.302274
0.795659
0.786316
0.194674
0.828183
0.491385
0.854051
0.257338
0.548299
0.876240
0.701514
0.637223
0.435170
0.683035
0.947956
0.429295
0.113543
0.620313
0.363045
0.770512
0.204920
0.667068
0.013181
0.441037
0.783893
0.975133
0.271520
0.514320
0.579314
0.269317
0.643903
0.781511
0.827171
0.910785
0.197412
0.827030
0.796058
0.446177
0.821906
0.503587
0.798663
0.831918
0.137096
0.086684
0.990396
0.220793
0.223419
0.947765
0.063254
0.381276
0.201872
0.876038
0.543916
0.879170
0.253211
0.662364
0.489210
