0.682045
0.764866
0.503691
0.393794
0.005036
0.513070
0.684910
0.381582
0.471010
0.959005
0.185483
0.040226
0.131463
0.674174
0.177877
0.513625
0.932843
0.054435
0.286303
0.324122
0.955539
0.607501
0.920417
0.187871
0.170690
0.928818
0.261333
0.529666
0.807415
0.649191
0.118203
0.323107
0.437597
0.395814
0.803362
0.081161
0.968050
0.626079
0.204620
0.767343
0.595848
0.278185
0.704155
0.850791
0.686872
0.065721
0.184376
0.834046
0.318030
0.424467
0.104505
0.825469
0.406348
0.776463
0.702175
0.397460
0.043445
0.095322
0.660022
0.576545
0.857188
0.961997
0.313488
0.743236
0.632413
0.540354
0.951709
0.983299
0.615019
0.520315
0.876769
0.113781
0.368736
0.047385
0.324025
0.178131
0.193410
0.844342
0.188151
0.914290
0.760762
0.970814
0.249645
0.098025
0.676940
0.725277
0.283108
0.557888
0.215469
0.805818
0.735902
0.067284
0.046107
0.624502
0.110392
0.122700
0.198977
0.809968
0.463248
0.021788
