0.143034
0.033796
0.074908
0.295625
0.886676
0.847110
0.198217
0.330425
0.649821
0.295318
0.375996
0.868790
0.269354
0.963481
0.299961
0.084153
0.640463
0.536735
0.410780
0.005276
0.471287
0.523007
0.930886
0.731647
0.126526
0.196982
0.583191
0.092008
0.473269
0.967421
0.064936
0.543069
0.403879
0.721306
0.590213
0.054980
0.040586
0.966728
0.314151
0.598077
0.722730
0.867489
0.654025
0.932003
0.861874
0.416781
0.031048
0.443004
0.950268
0.299442
0.526351
0.884631
0.251465
0.563277
0.591108
0.263477
0.026597
0.627242
0.086917
0.093267
0.988752
0.389656
0.244370
0.321729
0.931580
0.488117
0.870792
0.184801
0.308717
0.604765
0.046406
0.162532
0.564794
0.520534
0.178949
0.485681
0.918058
0.410059
0.801909
0.285144
0.303304
0.734302
0.183930
0.486675
0.005120
0.503489
0.150910
0.857414
0.328391
0.715809
0.431517
0.277185
0.449448
0.645824
0.516698
0.104460
0.185553
0.878506
0.009969
0.935303
