0.460899
0.454847
0.964346
0.362767
0.007840
0.548393
0.509495
0.672391
0.662557
0.797929
0.227709
0.051780
0.634947
0.542603
0.602981
0.775644
0.719357
0.315891
0.803603
0.607435
0.551259
0.223126
0.050344
0.016505
0.956358
0.859450
0.376584
0.527216
0.699686
0.307067
0.617895
0.930523
0.941765
0.550661
0.402948
0.882718
0.589053
0.797349
0.791118
0.392261
0.254831
0.018490
0.213797
0.854123
0.537142
0.833610
0.672472
0.749758
0.044833
0.871181
0.397073
0.179211
0.143215
0.139018
0.750093
0.764487
0.716735
0.900800
0.556065
0.744553
0.354912
0.667742
0.449528
0.703502
0.732499
0.990882
0.160791
0.483155
0.055295
0.134691
0.710509
0.913102
0.905350
0.348712
0.726633
0.771021
0.580564
0.303859
0.247706
0.233026
0.076314
0.718789
0.069839
0.819751
0.548134
0.007201
0.452514
0.812906
0.948636
0.349799
0.970817
0.477917
0.741272
0.965997
0.473736
0.190878
0.466731
0.681344
0.989869
0.199709
