0.631620
0.609036
0.799357
0.371010
0.608298
0.701162
0.197471
0.302755
0.663594
0.270995
0.125659
0.250329
0.339033
0.041445
0.155461
0.973490
0.484222
0.943402
0.483134
0.312774
0.988992
0.685743
0.839805
0.237883
0.457212
0.627834
0.406068
0.173542
0.961603
0.377781
0.970143
0.804878
0.495099
0.649294
0.801473
0.140662
0.456514
0.123249
0.502939
0.880720
0.807090
0.514616
0.607250
0.325285
0.899737
0.033446
0.702681
0.690079
0.810147
0.860835
0.733689
0.300109
0.580366
0.190234
0.780262
0.604809
0.324892
0.184683
0.662794
0.857140
0.734526
0.475261
0.866090
0.067213
0.606343
0.550999
0.498617
0.073427
0.608040
0.140662
0.539480
0.853503
0.049900
0.146024
0.506258
0.770735
0.201880
0.714781
0.318519
0.211293
0.811831
0.365845
0.112772
0.594275
0.327534
0.587777
0.253746
0.616601
0.137875
0.479912
0.123810
0.972436
0.626561
0.889087
0.543170
0.133385
0.752761
0.789864
0.352526
0.921796
