0.263015
0.208609
0.032505
0.659103
0.243128
0.709932
0.897107
0.099712
0.538844
0.420344
0.102176
0.765386
0.920261
0.168430
0.885090
0.720288
0.765322
0.410009
0.152325
0.123793
0.953585
0.362894
0.081115
0.957257
0.895932
0.379786
0.490015
0.029835
0.102676
0.470132
0.916689
0.965406
0.841213
0.860948
0.245871
0.313830
0.319045
0.792207
0.684932
0.263394
0.589266
0.170517
0.410974
0.657235
0.303931
0.053615
0.992446
0.437955
0.273161
0.590147
0.118951
0.715438
0.069500
0.509439
0.682466
0.962585
0.671266
0.567417
0.797099
0.735499
0.099902
0.614324
0.611288
0.360484
0.047216
0.885024
0.884637
0.707495
0.226604
0.262710
0.805992
0.640596
0.893395
0.691081
0.384442
0.155570
0.473885
0.759703
0.825810
0.798077
0.203643
0.341575
0.488962
0.756854
0.064753
0.038377
0.144546
0.001756
0.552448
0.816286
0.911781
0.215857
0.708871
0.176460
0.153604
0.602893
0.482615
0.734288
0.347633
0.660363
