0.875756
0.873372
0.192469
0.003029
0.368454
0.456474
0.468151
0.026894
0.373300
0.397276
0.733834
0.125934
0.067919
0.695894
0.782166
0.434347
0.524876
0.039605
0.475180
0.504632
0.989246
0.639951
0.953216
0.899352
0.273436
0.255716
0.490834
0.453501
0.455119
0.134167
0.826150
0.155346
0.029210
0.223187
0.464977
0.180526
0.444924
0.182318
0.538064
0.520152
0.520082
0.495127
0.759230
0.163801
0.576713
0.194176
0.419753
0.382932
0.213994
0.294503
0.005115
0.396569
0.538458
0.496967
0.315347
0.393513
0.508123
0.508026
0.734973
0.231067
0.315347
0.892344
0.793083
0.073143
0.590345
0.901686
0.739312
0.647611
0.671347
0.872649
0.540110
0.098256
0.696732
0.342188
0.275545
0.291381
0.464655
0.020648
0.564874
0.087414
0.573139
0.142096
0.165085
0.765021
0.830035
0.667690
0.146936
0.042886
0.148038
0.057601
0.498763
0.912402
0.463301
0.518163
0.554245
0.283239
0.147887
0.474603
0.195087
0.780787
