0.250329
0.685706
0.321237
0.067769
0.082839
0.612078
0.232358
0.064668
0.137603
0.630975
0.913337
0.685773
0.318227
0.957990
0.273289
0.024481
0.002138
0.433338
0.172237
0.435585
0.805832
0.713271
0.062119
0.506321
0.461802
0.636460
0.417047
0.794976
0.037073
0.699018
0.752846
0.965558
0.320185
0.296523
0.993680
0.761354
0.104552
0.626820
0.282815
0.637890
0.769820
0.213640
0.472511
0.810359
0.407970
0.798091
0.493600
0.055768
0.163088
0.172490
0.271203
0.584413
0.608062
0.743121
0.300935
0.967564
0.206173
0.687285
0.212421
0.731589
0.002504
0.681514
0.556109
0.989803
0.615662
0.311460
0.964801
0.426220
0.261811
0.748889
0.732001
0.447742
0.416939
0.783143
0.508592
0.696049
0.054727
0.834248
0.002991
0.699767
0.478543
0.866509
0.327377
0.477570
0.795050
0.257116
0.741243
0.231829
0.972937
0.208755
0.136584
0.960859
0.637809
0.031858
0.712701
0.996423
0.645483
0.906855
0.513611
0.832920
